0 1272 1274
312 1273 1272
314 1274 1273
1274 1272 1273
72 1275 1277
313 1276 1275
312 1277 1276
1277 1275 1276
74 1278 1280
314 1279 1278
313 1280 1279
1280 1278 1279
314 1281 1283
312 1282 1281
313 1283 1282
1283 1281 1282
12 1284 1286
315 1285 1284
317 1286 1285
1286 1284 1285
73 1287 1289
316 1288 1287
315 1289 1288
1289 1287 1288
72 1290 1292
317 1291 1290
316 1292 1291
1292 1290 1291
317 1293 1295
315 1294 1293
316 1295 1294
1295 1293 1294
14 1296 1298
318 1297 1296
320 1298 1297
1298 1296 1297
74 1299 1301
319 1300 1299
318 1301 1300
1301 1299 1300
73 1302 1304
320 1303 1302
319 1304 1303
1304 1302 1303
320 1305 1307
318 1306 1305
319 1307 1306
1307 1305 1306
74 1308 1310
321 1309 1308
323 1310 1309
1310 1308 1309
72 1311 1313
322 1312 1311
321 1313 1312
1313 1311 1312
73 1314 1316
323 1315 1314
322 1316 1315
1316 1314 1315
323 1317 1319
321 1318 1317
322 1319 1318
1319 1317 1318
1 1320 1322
324 1321 1320
326 1322 1321
1322 1320 1321
75 1323 1325
325 1324 1323
324 1325 1324
1325 1323 1324
77 1326 1328
326 1327 1326
325 1328 1327
1328 1326 1327
326 1329 1331
324 1330 1329
325 1331 1330
1331 1329 1330
13 1332 1334
327 1333 1332
329 1334 1333
1334 1332 1333
76 1335 1337
328 1336 1335
327 1337 1336
1337 1335 1336
75 1338 1340
329 1339 1338
328 1340 1339
1340 1338 1339
329 1341 1343
327 1342 1341
328 1343 1342
1343 1341 1342
12 1344 1346
330 1345 1344
332 1346 1345
1346 1344 1345
77 1347 1349
331 1348 1347
330 1349 1348
1349 1347 1348
76 1350 1352
332 1351 1350
331 1352 1351
1352 1350 1351
332 1353 1355
330 1354 1353
331 1355 1354
1355 1353 1354
77 1356 1358
333 1357 1356
335 1358 1357
1358 1356 1357
75 1359 1361
334 1360 1359
333 1361 1360
1361 1359 1360
76 1362 1364
335 1363 1362
334 1364 1363
1364 1362 1363
335 1365 1367
333 1366 1365
334 1367 1366
1367 1365 1366
2 1368 1370
336 1369 1368
338 1370 1369
1370 1368 1369
78 1371 1373
337 1372 1371
336 1373 1372
1373 1371 1372
80 1374 1376
338 1375 1374
337 1376 1375
1376 1374 1375
338 1377 1379
336 1378 1377
337 1379 1378
1379 1377 1378
14 1380 1382
339 1381 1380
341 1382 1381
1382 1380 1381
79 1383 1385
340 1384 1383
339 1385 1384
1385 1383 1384
78 1386 1388
341 1387 1386
340 1388 1387
1388 1386 1387
341 1389 1391
339 1390 1389
340 1391 1390
1391 1389 1390
13 1392 1394
342 1393 1392
344 1394 1393
1394 1392 1393
80 1395 1397
343 1396 1395
342 1397 1396
1397 1395 1396
79 1398 1400
344 1399 1398
343 1400 1399
1400 1398 1399
344 1401 1403
342 1402 1401
343 1403 1402
1403 1401 1402
80 1404 1406
345 1405 1404
347 1406 1405
1406 1404 1405
78 1407 1409
346 1408 1407
345 1409 1408
1409 1407 1408
79 1410 1412
347 1411 1410
346 1412 1411
1412 1410 1411
347 1413 1415
345 1414 1413
346 1415 1414
1415 1413 1414
14 1416 1418
348 1417 1416
350 1418 1417
1418 1416 1417
81 1419 1421
349 1420 1419
348 1421 1420
1421 1419 1420
83 1422 1424
350 1423 1422
349 1424 1423
1424 1422 1423
350 1425 1427
348 1426 1425
349 1427 1426
1427 1425 1426
12 1428 1430
351 1429 1428
353 1430 1429
1430 1428 1429
82 1431 1433
352 1432 1431
351 1433 1432
1433 1431 1432
81 1434 1436
353 1435 1434
352 1436 1435
1436 1434 1435
353 1437 1439
351 1438 1437
352 1439 1438
1439 1437 1438
13 1440 1442
354 1441 1440
356 1442 1441
1442 1440 1441
83 1443 1445
355 1444 1443
354 1445 1444
1445 1443 1444
82 1446 1448
356 1447 1446
355 1448 1447
1448 1446 1447
356 1449 1451
354 1450 1449
355 1451 1450
1451 1449 1450
83 1452 1454
357 1453 1452
359 1454 1453
1454 1452 1453
81 1455 1457
358 1456 1455
357 1457 1456
1457 1455 1456
82 1458 1460
359 1459 1458
358 1460 1459
1460 1458 1459
359 1461 1463
357 1462 1461
358 1463 1462
1463 1461 1462
0 1464 1466
360 1465 1464
362 1466 1465
1466 1464 1465
84 1467 1469
361 1468 1467
360 1469 1468
1469 1467 1468
86 1470 1472
362 1471 1470
361 1472 1471
1472 1470 1471
362 1473 1475
360 1474 1473
361 1475 1474
1475 1473 1474
15 1476 1478
363 1477 1476
365 1478 1477
1478 1476 1477
85 1479 1481
364 1480 1479
363 1481 1480
1481 1479 1480
84 1482 1484
365 1483 1482
364 1484 1483
1484 1482 1483
365 1485 1487
363 1486 1485
364 1487 1486
1487 1485 1486
17 1488 1490
366 1489 1488
368 1490 1489
1490 1488 1489
86 1491 1493
367 1492 1491
366 1493 1492
1493 1491 1492
85 1494 1496
368 1495 1494
367 1496 1495
1496 1494 1495
368 1497 1499
366 1498 1497
367 1499 1498
1499 1497 1498
86 1500 1502
369 1501 1500
371 1502 1501
1502 1500 1501
84 1503 1505
370 1504 1503
369 1505 1504
1505 1503 1504
85 1506 1508
371 1507 1506
370 1508 1507
1508 1506 1507
371 1509 1511
369 1510 1509
370 1511 1510
1511 1509 1510
2 1512 1514
372 1513 1512
374 1514 1513
1514 1512 1513
87 1515 1517
373 1516 1515
372 1517 1516
1517 1515 1516
89 1518 1520
374 1519 1518
373 1520 1519
1520 1518 1519
374 1521 1523
372 1522 1521
373 1523 1522
1523 1521 1522
16 1524 1526
375 1525 1524
377 1526 1525
1526 1524 1525
88 1527 1529
376 1528 1527
375 1529 1528
1529 1527 1528
87 1530 1532
377 1531 1530
376 1532 1531
1532 1530 1531
377 1533 1535
375 1534 1533
376 1535 1534
1535 1533 1534
15 1536 1538
378 1537 1536
380 1538 1537
1538 1536 1537
89 1539 1541
379 1540 1539
378 1541 1540
1541 1539 1540
88 1542 1544
380 1543 1542
379 1544 1543
1544 1542 1543
380 1545 1547
378 1546 1545
379 1547 1546
1547 1545 1546
89 1548 1550
381 1549 1548
383 1550 1549
1550 1548 1549
87 1551 1553
382 1552 1551
381 1553 1552
1553 1551 1552
88 1554 1556
383 1555 1554
382 1556 1555
1556 1554 1555
383 1557 1559
381 1558 1557
382 1559 1558
1559 1557 1558
3 1560 1562
384 1561 1560
386 1562 1561
1562 1560 1561
90 1563 1565
385 1564 1563
384 1565 1564
1565 1563 1564
92 1566 1568
386 1567 1566
385 1568 1567
1568 1566 1567
386 1569 1571
384 1570 1569
385 1571 1570
1571 1569 1570
17 1572 1574
387 1573 1572
389 1574 1573
1574 1572 1573
91 1575 1577
388 1576 1575
387 1577 1576
1577 1575 1576
90 1578 1580
389 1579 1578
388 1580 1579
1580 1578 1579
389 1581 1583
387 1582 1581
388 1583 1582
1583 1581 1582
16 1584 1586
390 1585 1584
392 1586 1585
1586 1584 1585
92 1587 1589
391 1588 1587
390 1589 1588
1589 1587 1588
91 1590 1592
392 1591 1590
391 1592 1591
1592 1590 1591
392 1593 1595
390 1594 1593
391 1595 1594
1595 1593 1594
92 1596 1598
393 1597 1596
395 1598 1597
1598 1596 1597
90 1599 1601
394 1600 1599
393 1601 1600
1601 1599 1600
91 1602 1604
395 1603 1602
394 1604 1603
1604 1602 1603
395 1605 1607
393 1606 1605
394 1607 1606
1607 1605 1606
17 1608 1610
396 1609 1608
398 1610 1609
1610 1608 1609
93 1611 1613
397 1612 1611
396 1613 1612
1613 1611 1612
95 1614 1616
398 1615 1614
397 1616 1615
1616 1614 1615
398 1617 1619
396 1618 1617
397 1619 1618
1619 1617 1618
15 1620 1622
399 1621 1620
401 1622 1621
1622 1620 1621
94 1623 1625
400 1624 1623
399 1625 1624
1625 1623 1624
93 1626 1628
401 1627 1626
400 1628 1627
1628 1626 1627
401 1629 1631
399 1630 1629
400 1631 1630
1631 1629 1630
16 1632 1634
402 1633 1632
404 1634 1633
1634 1632 1633
95 1635 1637
403 1636 1635
402 1637 1636
1637 1635 1636
94 1638 1640
404 1639 1638
403 1640 1639
1640 1638 1639
404 1641 1643
402 1642 1641
403 1643 1642
1643 1641 1642
95 1644 1646
405 1645 1644
407 1646 1645
1646 1644 1645
93 1647 1649
406 1648 1647
405 1649 1648
1649 1647 1648
94 1650 1652
407 1651 1650
406 1652 1651
1652 1650 1651
407 1653 1655
405 1654 1653
406 1655 1654
1655 1653 1654
0 1656 1658
408 1657 1656
410 1658 1657
1658 1656 1657
96 1659 1661
409 1660 1659
408 1661 1660
1661 1659 1660
98 1662 1664
410 1663 1662
409 1664 1663
1664 1662 1663
410 1665 1667
408 1666 1665
409 1667 1666
1667 1665 1666
18 1668 1670
411 1669 1668
413 1670 1669
1670 1668 1669
97 1671 1673
412 1672 1671
411 1673 1672
1673 1671 1672
96 1674 1676
413 1675 1674
412 1676 1675
1676 1674 1675
413 1677 1679
411 1678 1677
412 1679 1678
1679 1677 1678
20 1680 1682
414 1681 1680
416 1682 1681
1682 1680 1681
98 1683 1685
415 1684 1683
414 1685 1684
1685 1683 1684
97 1686 1688
416 1687 1686
415 1688 1687
1688 1686 1687
416 1689 1691
414 1690 1689
415 1691 1690
1691 1689 1690
98 1692 1694
417 1693 1692
419 1694 1693
1694 1692 1693
96 1695 1697
418 1696 1695
417 1697 1696
1697 1695 1696
97 1698 1700
419 1699 1698
418 1700 1699
1700 1698 1699
419 1701 1703
417 1702 1701
418 1703 1702
1703 1701 1702
3 1704 1706
420 1705 1704
422 1706 1705
1706 1704 1705
99 1707 1709
421 1708 1707
420 1709 1708
1709 1707 1708
101 1710 1712
422 1711 1710
421 1712 1711
1712 1710 1711
422 1713 1715
420 1714 1713
421 1715 1714
1715 1713 1714
19 1716 1718
423 1717 1716
425 1718 1717
1718 1716 1717
100 1719 1721
424 1720 1719
423 1721 1720
1721 1719 1720
99 1722 1724
425 1723 1722
424 1724 1723
1724 1722 1723
425 1725 1727
423 1726 1725
424 1727 1726
1727 1725 1726
18 1728 1730
426 1729 1728
428 1730 1729
1730 1728 1729
101 1731 1733
427 1732 1731
426 1733 1732
1733 1731 1732
100 1734 1736
428 1735 1734
427 1736 1735
1736 1734 1735
428 1737 1739
426 1738 1737
427 1739 1738
1739 1737 1738
101 1740 1742
429 1741 1740
431 1742 1741
1742 1740 1741
99 1743 1745
430 1744 1743
429 1745 1744
1745 1743 1744
100 1746 1748
431 1747 1746
430 1748 1747
1748 1746 1747
431 1749 1751
429 1750 1749
430 1751 1750
1751 1749 1750
4 1752 1754
432 1753 1752
434 1754 1753
1754 1752 1753
102 1755 1757
433 1756 1755
432 1757 1756
1757 1755 1756
104 1758 1760
434 1759 1758
433 1760 1759
1760 1758 1759
434 1761 1763
432 1762 1761
433 1763 1762
1763 1761 1762
20 1764 1766
435 1765 1764
437 1766 1765
1766 1764 1765
103 1767 1769
436 1768 1767
435 1769 1768
1769 1767 1768
102 1770 1772
437 1771 1770
436 1772 1771
1772 1770 1771
437 1773 1775
435 1774 1773
436 1775 1774
1775 1773 1774
19 1776 1778
438 1777 1776
440 1778 1777
1778 1776 1777
104 1779 1781
439 1780 1779
438 1781 1780
1781 1779 1780
103 1782 1784
440 1783 1782
439 1784 1783
1784 1782 1783
440 1785 1787
438 1786 1785
439 1787 1786
1787 1785 1786
104 1788 1790
441 1789 1788
443 1790 1789
1790 1788 1789
102 1791 1793
442 1792 1791
441 1793 1792
1793 1791 1792
103 1794 1796
443 1795 1794
442 1796 1795
1796 1794 1795
443 1797 1799
441 1798 1797
442 1799 1798
1799 1797 1798
20 1800 1802
444 1801 1800
446 1802 1801
1802 1800 1801
105 1803 1805
445 1804 1803
444 1805 1804
1805 1803 1804
107 1806 1808
446 1807 1806
445 1808 1807
1808 1806 1807
446 1809 1811
444 1810 1809
445 1811 1810
1811 1809 1810
18 1812 1814
447 1813 1812
449 1814 1813
1814 1812 1813
106 1815 1817
448 1816 1815
447 1817 1816
1817 1815 1816
105 1818 1820
449 1819 1818
448 1820 1819
1820 1818 1819
449 1821 1823
447 1822 1821
448 1823 1822
1823 1821 1822
19 1824 1826
450 1825 1824
452 1826 1825
1826 1824 1825
107 1827 1829
451 1828 1827
450 1829 1828
1829 1827 1828
106 1830 1832
452 1831 1830
451 1832 1831
1832 1830 1831
452 1833 1835
450 1834 1833
451 1835 1834
1835 1833 1834
107 1836 1838
453 1837 1836
455 1838 1837
1838 1836 1837
105 1839 1841
454 1840 1839
453 1841 1840
1841 1839 1840
106 1842 1844
455 1843 1842
454 1844 1843
1844 1842 1843
455 1845 1847
453 1846 1845
454 1847 1846
1847 1845 1846
0 1848 1850
456 1849 1848
458 1850 1849
1850 1848 1849
108 1851 1853
457 1852 1851
456 1853 1852
1853 1851 1852
110 1854 1856
458 1855 1854
457 1856 1855
1856 1854 1855
458 1857 1859
456 1858 1857
457 1859 1858
1859 1857 1858
21 1860 1862
459 1861 1860
461 1862 1861
1862 1860 1861
109 1863 1865
460 1864 1863
459 1865 1864
1865 1863 1864
108 1866 1868
461 1867 1866
460 1868 1867
1868 1866 1867
461 1869 1871
459 1870 1869
460 1871 1870
1871 1869 1870
23 1872 1874
462 1873 1872
464 1874 1873
1874 1872 1873
110 1875 1877
463 1876 1875
462 1877 1876
1877 1875 1876
109 1878 1880
464 1879 1878
463 1880 1879
1880 1878 1879
464 1881 1883
462 1882 1881
463 1883 1882
1883 1881 1882
110 1884 1886
465 1885 1884
467 1886 1885
1886 1884 1885
108 1887 1889
466 1888 1887
465 1889 1888
1889 1887 1888
109 1890 1892
467 1891 1890
466 1892 1891
1892 1890 1891
467 1893 1895
465 1894 1893
466 1895 1894
1895 1893 1894
4 1896 1898
468 1897 1896
470 1898 1897
1898 1896 1897
111 1899 1901
469 1900 1899
468 1901 1900
1901 1899 1900
113 1902 1904
470 1903 1902
469 1904 1903
1904 1902 1903
470 1905 1907
468 1906 1905
469 1907 1906
1907 1905 1906
22 1908 1910
471 1909 1908
473 1910 1909
1910 1908 1909
112 1911 1913
472 1912 1911
471 1913 1912
1913 1911 1912
111 1914 1916
473 1915 1914
472 1916 1915
1916 1914 1915
473 1917 1919
471 1918 1917
472 1919 1918
1919 1917 1918
21 1920 1922
474 1921 1920
476 1922 1921
1922 1920 1921
113 1923 1925
475 1924 1923
474 1925 1924
1925 1923 1924
112 1926 1928
476 1927 1926
475 1928 1927
1928 1926 1927
476 1929 1931
474 1930 1929
475 1931 1930
1931 1929 1930
113 1932 1934
477 1933 1932
479 1934 1933
1934 1932 1933
111 1935 1937
478 1936 1935
477 1937 1936
1937 1935 1936
112 1938 1940
479 1939 1938
478 1940 1939
1940 1938 1939
479 1941 1943
477 1942 1941
478 1943 1942
1943 1941 1942
5 1944 1946
480 1945 1944
482 1946 1945
1946 1944 1945
114 1947 1949
481 1948 1947
480 1949 1948
1949 1947 1948
116 1950 1952
482 1951 1950
481 1952 1951
1952 1950 1951
482 1953 1955
480 1954 1953
481 1955 1954
1955 1953 1954
23 1956 1958
483 1957 1956
485 1958 1957
1958 1956 1957
115 1959 1961
484 1960 1959
483 1961 1960
1961 1959 1960
114 1962 1964
485 1963 1962
484 1964 1963
1964 1962 1963
485 1965 1967
483 1966 1965
484 1967 1966
1967 1965 1966
22 1968 1970
486 1969 1968
488 1970 1969
1970 1968 1969
116 1971 1973
487 1972 1971
486 1973 1972
1973 1971 1972
115 1974 1976
488 1975 1974
487 1976 1975
1976 1974 1975
488 1977 1979
486 1978 1977
487 1979 1978
1979 1977 1978
116 1980 1982
489 1981 1980
491 1982 1981
1982 1980 1981
114 1983 1985
490 1984 1983
489 1985 1984
1985 1983 1984
115 1986 1988
491 1987 1986
490 1988 1987
1988 1986 1987
491 1989 1991
489 1990 1989
490 1991 1990
1991 1989 1990
23 1992 1994
492 1993 1992
494 1994 1993
1994 1992 1993
117 1995 1997
493 1996 1995
492 1997 1996
1997 1995 1996
119 1998 2000
494 1999 1998
493 2000 1999
2000 1998 1999
494 2001 2003
492 2002 2001
493 2003 2002
2003 2001 2002
21 2004 2006
495 2005 2004
497 2006 2005
2006 2004 2005
118 2007 2009
496 2008 2007
495 2009 2008
2009 2007 2008
117 2010 2012
497 2011 2010
496 2012 2011
2012 2010 2011
497 2013 2015
495 2014 2013
496 2015 2014
2015 2013 2014
22 2016 2018
498 2017 2016
500 2018 2017
2018 2016 2017
119 2019 2021
499 2020 2019
498 2021 2020
2021 2019 2020
118 2022 2024
500 2023 2022
499 2024 2023
2024 2022 2023
500 2025 2027
498 2026 2025
499 2027 2026
2027 2025 2026
119 2028 2030
501 2029 2028
503 2030 2029
2030 2028 2029
117 2031 2033
502 2032 2031
501 2033 2032
2033 2031 2032
118 2034 2036
503 2035 2034
502 2036 2035
2036 2034 2035
503 2037 2039
501 2038 2037
502 2039 2038
2039 2037 2038
0 2040 2042
504 2041 2040
506 2042 2041
2042 2040 2041
120 2043 2045
505 2044 2043
504 2045 2044
2045 2043 2044
122 2046 2048
506 2047 2046
505 2048 2047
2048 2046 2047
506 2049 2051
504 2050 2049
505 2051 2050
2051 2049 2050
24 2052 2054
507 2053 2052
509 2054 2053
2054 2052 2053
121 2055 2057
508 2056 2055
507 2057 2056
2057 2055 2056
120 2058 2060
509 2059 2058
508 2060 2059
2060 2058 2059
509 2061 2063
507 2062 2061
508 2063 2062
2063 2061 2062
26 2064 2066
510 2065 2064
512 2066 2065
2066 2064 2065
122 2067 2069
511 2068 2067
510 2069 2068
2069 2067 2068
121 2070 2072
512 2071 2070
511 2072 2071
2072 2070 2071
512 2073 2075
510 2074 2073
511 2075 2074
2075 2073 2074
122 2076 2078
513 2077 2076
515 2078 2077
2078 2076 2077
120 2079 2081
514 2080 2079
513 2081 2080
2081 2079 2080
121 2082 2084
515 2083 2082
514 2084 2083
2084 2082 2083
515 2085 2087
513 2086 2085
514 2087 2086
2087 2085 2086
5 2088 2090
516 2089 2088
518 2090 2089
2090 2088 2089
123 2091 2093
517 2092 2091
516 2093 2092
2093 2091 2092
125 2094 2096
518 2095 2094
517 2096 2095
2096 2094 2095
518 2097 2099
516 2098 2097
517 2099 2098
2099 2097 2098
25 2100 2102
519 2101 2100
521 2102 2101
2102 2100 2101
124 2103 2105
520 2104 2103
519 2105 2104
2105 2103 2104
123 2106 2108
521 2107 2106
520 2108 2107
2108 2106 2107
521 2109 2111
519 2110 2109
520 2111 2110
2111 2109 2110
24 2112 2114
522 2113 2112
524 2114 2113
2114 2112 2113
125 2115 2117
523 2116 2115
522 2117 2116
2117 2115 2116
124 2118 2120
524 2119 2118
523 2120 2119
2120 2118 2119
524 2121 2123
522 2122 2121
523 2123 2122
2123 2121 2122
125 2124 2126
525 2125 2124
527 2126 2125
2126 2124 2125
123 2127 2129
526 2128 2127
525 2129 2128
2129 2127 2128
124 2130 2132
527 2131 2130
526 2132 2131
2132 2130 2131
527 2133 2135
525 2134 2133
526 2135 2134
2135 2133 2134
1 2136 2138
528 2137 2136
530 2138 2137
2138 2136 2137
126 2139 2141
529 2140 2139
528 2141 2140
2141 2139 2140
128 2142 2144
530 2143 2142
529 2144 2143
2144 2142 2143
530 2145 2147
528 2146 2145
529 2147 2146
2147 2145 2146
26 2148 2150
531 2149 2148
533 2150 2149
2150 2148 2149
127 2151 2153
532 2152 2151
531 2153 2152
2153 2151 2152
126 2154 2156
533 2155 2154
532 2156 2155
2156 2154 2155
533 2157 2159
531 2158 2157
532 2159 2158
2159 2157 2158
25 2160 2162
534 2161 2160
536 2162 2161
2162 2160 2161
128 2163 2165
535 2164 2163
534 2165 2164
2165 2163 2164
127 2166 2168
536 2167 2166
535 2168 2167
2168 2166 2167
536 2169 2171
534 2170 2169
535 2171 2170
2171 2169 2170
128 2172 2174
537 2173 2172
539 2174 2173
2174 2172 2173
126 2175 2177
538 2176 2175
537 2177 2176
2177 2175 2176
127 2178 2180
539 2179 2178
538 2180 2179
2180 2178 2179
539 2181 2183
537 2182 2181
538 2183 2182
2183 2181 2182
26 2184 2186
540 2185 2184
542 2186 2185
2186 2184 2185
129 2187 2189
541 2188 2187
540 2189 2188
2189 2187 2188
131 2190 2192
542 2191 2190
541 2192 2191
2192 2190 2191
542 2193 2195
540 2194 2193
541 2195 2194
2195 2193 2194
24 2196 2198
543 2197 2196
545 2198 2197
2198 2196 2197
130 2199 2201
544 2200 2199
543 2201 2200
2201 2199 2200
129 2202 2204
545 2203 2202
544 2204 2203
2204 2202 2203
545 2205 2207
543 2206 2205
544 2207 2206
2207 2205 2206
25 2208 2210
546 2209 2208
548 2210 2209
2210 2208 2209
131 2211 2213
547 2212 2211
546 2213 2212
2213 2211 2212
130 2214 2216
548 2215 2214
547 2216 2215
2216 2214 2215
548 2217 2219
546 2218 2217
547 2219 2218
2219 2217 2218
131 2220 2222
549 2221 2220
551 2222 2221
2222 2220 2221
129 2223 2225
550 2224 2223
549 2225 2224
2225 2223 2224
130 2226 2228
551 2227 2226
550 2228 2227
2228 2226 2227
551 2229 2231
549 2230 2229
550 2231 2230
2231 2229 2230
1 2232 2234
552 2233 2232
554 2234 2233
2234 2232 2233
132 2235 2237
553 2236 2235
552 2237 2236
2237 2235 2236
134 2238 2240
554 2239 2238
553 2240 2239
2240 2238 2239
554 2241 2243
552 2242 2241
553 2243 2242
2243 2241 2242
27 2244 2246
555 2245 2244
557 2246 2245
2246 2244 2245
133 2247 2249
556 2248 2247
555 2249 2248
2249 2247 2248
132 2250 2252
557 2251 2250
556 2252 2251
2252 2250 2251
557 2253 2255
555 2254 2253
556 2255 2254
2255 2253 2254
29 2256 2258
558 2257 2256
560 2258 2257
2258 2256 2257
134 2259 2261
559 2260 2259
558 2261 2260
2261 2259 2260
133 2262 2264
560 2263 2262
559 2264 2263
2264 2262 2263
560 2265 2267
558 2266 2265
559 2267 2266
2267 2265 2266
134 2268 2270
561 2269 2268
563 2270 2269
2270 2268 2269
132 2271 2273
562 2272 2271
561 2273 2272
2273 2271 2272
133 2274 2276
563 2275 2274
562 2276 2275
2276 2274 2275
563 2277 2279
561 2278 2277
562 2279 2278
2279 2277 2278
6 2280 2282
564 2281 2280
566 2282 2281
2282 2280 2281
135 2283 2285
565 2284 2283
564 2285 2284
2285 2283 2284
137 2286 2288
566 2287 2286
565 2288 2287
2288 2286 2287
566 2289 2291
564 2290 2289
565 2291 2290
2291 2289 2290
28 2292 2294
567 2293 2292
569 2294 2293
2294 2292 2293
136 2295 2297
568 2296 2295
567 2297 2296
2297 2295 2296
135 2298 2300
569 2299 2298
568 2300 2299
2300 2298 2299
569 2301 2303
567 2302 2301
568 2303 2302
2303 2301 2302
27 2304 2306
570 2305 2304
572 2306 2305
2306 2304 2305
137 2307 2309
571 2308 2307
570 2309 2308
2309 2307 2308
136 2310 2312
572 2311 2310
571 2312 2311
2312 2310 2311
572 2313 2315
570 2314 2313
571 2315 2314
2315 2313 2314
137 2316 2318
573 2317 2316
575 2318 2317
2318 2316 2317
135 2319 2321
574 2320 2319
573 2321 2320
2321 2319 2320
136 2322 2324
575 2323 2322
574 2324 2323
2324 2322 2323
575 2325 2327
573 2326 2325
574 2327 2326
2327 2325 2326
2 2328 2330
576 2329 2328
578 2330 2329
2330 2328 2329
138 2331 2333
577 2332 2331
576 2333 2332
2333 2331 2332
140 2334 2336
578 2335 2334
577 2336 2335
2336 2334 2335
578 2337 2339
576 2338 2337
577 2339 2338
2339 2337 2338
29 2340 2342
579 2341 2340
581 2342 2341
2342 2340 2341
139 2343 2345
580 2344 2343
579 2345 2344
2345 2343 2344
138 2346 2348
581 2347 2346
580 2348 2347
2348 2346 2347
581 2349 2351
579 2350 2349
580 2351 2350
2351 2349 2350
28 2352 2354
582 2353 2352
584 2354 2353
2354 2352 2353
140 2355 2357
583 2356 2355
582 2357 2356
2357 2355 2356
139 2358 2360
584 2359 2358
583 2360 2359
2360 2358 2359
584 2361 2363
582 2362 2361
583 2363 2362
2363 2361 2362
140 2364 2366
585 2365 2364
587 2366 2365
2366 2364 2365
138 2367 2369
586 2368 2367
585 2369 2368
2369 2367 2368
139 2370 2372
587 2371 2370
586 2372 2371
2372 2370 2371
587 2373 2375
585 2374 2373
586 2375 2374
2375 2373 2374
29 2376 2378
588 2377 2376
590 2378 2377
2378 2376 2377
141 2379 2381
589 2380 2379
588 2381 2380
2381 2379 2380
143 2382 2384
590 2383 2382
589 2384 2383
2384 2382 2383
590 2385 2387
588 2386 2385
589 2387 2386
2387 2385 2386
27 2388 2390
591 2389 2388
593 2390 2389
2390 2388 2389
142 2391 2393
592 2392 2391
591 2393 2392
2393 2391 2392
141 2394 2396
593 2395 2394
592 2396 2395
2396 2394 2395
593 2397 2399
591 2398 2397
592 2399 2398
2399 2397 2398
28 2400 2402
594 2401 2400
596 2402 2401
2402 2400 2401
143 2403 2405
595 2404 2403
594 2405 2404
2405 2403 2404
142 2406 2408
596 2407 2406
595 2408 2407
2408 2406 2407
596 2409 2411
594 2410 2409
595 2411 2410
2411 2409 2410
143 2412 2414
597 2413 2412
599 2414 2413
2414 2412 2413
141 2415 2417
598 2416 2415
597 2417 2416
2417 2415 2416
142 2418 2420
599 2419 2418
598 2420 2419
2420 2418 2419
599 2421 2423
597 2422 2421
598 2423 2422
2423 2421 2422
2 2424 2426
600 2425 2424
602 2426 2425
2426 2424 2425
144 2427 2429
601 2428 2427
600 2429 2428
2429 2427 2428
146 2430 2432
602 2431 2430
601 2432 2431
2432 2430 2431
602 2433 2435
600 2434 2433
601 2435 2434
2435 2433 2434
30 2436 2438
603 2437 2436
605 2438 2437
2438 2436 2437
145 2439 2441
604 2440 2439
603 2441 2440
2441 2439 2440
144 2442 2444
605 2443 2442
604 2444 2443
2444 2442 2443
605 2445 2447
603 2446 2445
604 2447 2446
2447 2445 2446
32 2448 2450
606 2449 2448
608 2450 2449
2450 2448 2449
146 2451 2453
607 2452 2451
606 2453 2452
2453 2451 2452
145 2454 2456
608 2455 2454
607 2456 2455
2456 2454 2455
608 2457 2459
606 2458 2457
607 2459 2458
2459 2457 2458
146 2460 2462
609 2461 2460
611 2462 2461
2462 2460 2461
144 2463 2465
610 2464 2463
609 2465 2464
2465 2463 2464
145 2466 2468
611 2467 2466
610 2468 2467
2468 2466 2467
611 2469 2471
609 2470 2469
610 2471 2470
2471 2469 2470
7 2472 2474
612 2473 2472
614 2474 2473
2474 2472 2473
147 2475 2477
613 2476 2475
612 2477 2476
2477 2475 2476
149 2478 2480
614 2479 2478
613 2480 2479
2480 2478 2479
614 2481 2483
612 2482 2481
613 2483 2482
2483 2481 2482
31 2484 2486
615 2485 2484
617 2486 2485
2486 2484 2485
148 2487 2489
616 2488 2487
615 2489 2488
2489 2487 2488
147 2490 2492
617 2491 2490
616 2492 2491
2492 2490 2491
617 2493 2495
615 2494 2493
616 2495 2494
2495 2493 2494
30 2496 2498
618 2497 2496
620 2498 2497
2498 2496 2497
149 2499 2501
619 2500 2499
618 2501 2500
2501 2499 2500
148 2502 2504
620 2503 2502
619 2504 2503
2504 2502 2503
620 2505 2507
618 2506 2505
619 2507 2506
2507 2505 2506
149 2508 2510
621 2509 2508
623 2510 2509
2510 2508 2509
147 2511 2513
622 2512 2511
621 2513 2512
2513 2511 2512
148 2514 2516
623 2515 2514
622 2516 2515
2516 2514 2515
623 2517 2519
621 2518 2517
622 2519 2518
2519 2517 2518
3 2520 2522
624 2521 2520
626 2522 2521
2522 2520 2521
150 2523 2525
625 2524 2523
624 2525 2524
2525 2523 2524
152 2526 2528
626 2527 2526
625 2528 2527
2528 2526 2527
626 2529 2531
624 2530 2529
625 2531 2530
2531 2529 2530
32 2532 2534
627 2533 2532
629 2534 2533
2534 2532 2533
151 2535 2537
628 2536 2535
627 2537 2536
2537 2535 2536
150 2538 2540
629 2539 2538
628 2540 2539
2540 2538 2539
629 2541 2543
627 2542 2541
628 2543 2542
2543 2541 2542
31 2544 2546
630 2545 2544
632 2546 2545
2546 2544 2545
152 2547 2549
631 2548 2547
630 2549 2548
2549 2547 2548
151 2550 2552
632 2551 2550
631 2552 2551
2552 2550 2551
632 2553 2555
630 2554 2553
631 2555 2554
2555 2553 2554
152 2556 2558
633 2557 2556
635 2558 2557
2558 2556 2557
150 2559 2561
634 2560 2559
633 2561 2560
2561 2559 2560
151 2562 2564
635 2563 2562
634 2564 2563
2564 2562 2563
635 2565 2567
633 2566 2565
634 2567 2566
2567 2565 2566
32 2568 2570
636 2569 2568
638 2570 2569
2570 2568 2569
153 2571 2573
637 2572 2571
636 2573 2572
2573 2571 2572
155 2574 2576
638 2575 2574
637 2576 2575
2576 2574 2575
638 2577 2579
636 2578 2577
637 2579 2578
2579 2577 2578
30 2580 2582
639 2581 2580
641 2582 2581
2582 2580 2581
154 2583 2585
640 2584 2583
639 2585 2584
2585 2583 2584
153 2586 2588
641 2587 2586
640 2588 2587
2588 2586 2587
641 2589 2591
639 2590 2589
640 2591 2590
2591 2589 2590
31 2592 2594
642 2593 2592
644 2594 2593
2594 2592 2593
155 2595 2597
643 2596 2595
642 2597 2596
2597 2595 2596
154 2598 2600
644 2599 2598
643 2600 2599
2600 2598 2599
644 2601 2603
642 2602 2601
643 2603 2602
2603 2601 2602
155 2604 2606
645 2605 2604
647 2606 2605
2606 2604 2605
153 2607 2609
646 2608 2607
645 2609 2608
2609 2607 2608
154 2610 2612
647 2611 2610
646 2612 2611
2612 2610 2611
647 2613 2615
645 2614 2613
646 2615 2614
2615 2613 2614
3 2616 2618
648 2617 2616
650 2618 2617
2618 2616 2617
156 2619 2621
649 2620 2619
648 2621 2620
2621 2619 2620
158 2622 2624
650 2623 2622
649 2624 2623
2624 2622 2623
650 2625 2627
648 2626 2625
649 2627 2626
2627 2625 2626
33 2628 2630
651 2629 2628
653 2630 2629
2630 2628 2629
157 2631 2633
652 2632 2631
651 2633 2632
2633 2631 2632
156 2634 2636
653 2635 2634
652 2636 2635
2636 2634 2635
653 2637 2639
651 2638 2637
652 2639 2638
2639 2637 2638
35 2640 2642
654 2641 2640
656 2642 2641
2642 2640 2641
158 2643 2645
655 2644 2643
654 2645 2644
2645 2643 2644
157 2646 2648
656 2647 2646
655 2648 2647
2648 2646 2647
656 2649 2651
654 2650 2649
655 2651 2650
2651 2649 2650
158 2652 2654
657 2653 2652
659 2654 2653
2654 2652 2653
156 2655 2657
658 2656 2655
657 2657 2656
2657 2655 2656
157 2658 2660
659 2659 2658
658 2660 2659
2660 2658 2659
659 2661 2663
657 2662 2661
658 2663 2662
2663 2661 2662
8 2664 2666
660 2665 2664
662 2666 2665
2666 2664 2665
159 2667 2669
661 2668 2667
660 2669 2668
2669 2667 2668
161 2670 2672
662 2671 2670
661 2672 2671
2672 2670 2671
662 2673 2675
660 2674 2673
661 2675 2674
2675 2673 2674
34 2676 2678
663 2677 2676
665 2678 2677
2678 2676 2677
160 2679 2681
664 2680 2679
663 2681 2680
2681 2679 2680
159 2682 2684
665 2683 2682
664 2684 2683
2684 2682 2683
665 2685 2687
663 2686 2685
664 2687 2686
2687 2685 2686
33 2688 2690
666 2689 2688
668 2690 2689
2690 2688 2689
161 2691 2693
667 2692 2691
666 2693 2692
2693 2691 2692
160 2694 2696
668 2695 2694
667 2696 2695
2696 2694 2695
668 2697 2699
666 2698 2697
667 2699 2698
2699 2697 2698
161 2700 2702
669 2701 2700
671 2702 2701
2702 2700 2701
159 2703 2705
670 2704 2703
669 2705 2704
2705 2703 2704
160 2706 2708
671 2707 2706
670 2708 2707
2708 2706 2707
671 2709 2711
669 2710 2709
670 2711 2710
2711 2709 2710
4 2712 2714
672 2713 2712
674 2714 2713
2714 2712 2713
162 2715 2717
673 2716 2715
672 2717 2716
2717 2715 2716
164 2718 2720
674 2719 2718
673 2720 2719
2720 2718 2719
674 2721 2723
672 2722 2721
673 2723 2722
2723 2721 2722
35 2724 2726
675 2725 2724
677 2726 2725
2726 2724 2725
163 2727 2729
676 2728 2727
675 2729 2728
2729 2727 2728
162 2730 2732
677 2731 2730
676 2732 2731
2732 2730 2731
677 2733 2735
675 2734 2733
676 2735 2734
2735 2733 2734
34 2736 2738
678 2737 2736
680 2738 2737
2738 2736 2737
164 2739 2741
679 2740 2739
678 2741 2740
2741 2739 2740
163 2742 2744
680 2743 2742
679 2744 2743
2744 2742 2743
680 2745 2747
678 2746 2745
679 2747 2746
2747 2745 2746
164 2748 2750
681 2749 2748
683 2750 2749
2750 2748 2749
162 2751 2753
682 2752 2751
681 2753 2752
2753 2751 2752
163 2754 2756
683 2755 2754
682 2756 2755
2756 2754 2755
683 2757 2759
681 2758 2757
682 2759 2758
2759 2757 2758
35 2760 2762
684 2761 2760
686 2762 2761
2762 2760 2761
165 2763 2765
685 2764 2763
684 2765 2764
2765 2763 2764
167 2766 2768
686 2767 2766
685 2768 2767
2768 2766 2767
686 2769 2771
684 2770 2769
685 2771 2770
2771 2769 2770
33 2772 2774
687 2773 2772
689 2774 2773
2774 2772 2773
166 2775 2777
688 2776 2775
687 2777 2776
2777 2775 2776
165 2778 2780
689 2779 2778
688 2780 2779
2780 2778 2779
689 2781 2783
687 2782 2781
688 2783 2782
2783 2781 2782
34 2784 2786
690 2785 2784
692 2786 2785
2786 2784 2785
167 2787 2789
691 2788 2787
690 2789 2788
2789 2787 2788
166 2790 2792
692 2791 2790
691 2792 2791
2792 2790 2791
692 2793 2795
690 2794 2793
691 2795 2794
2795 2793 2794
167 2796 2798
693 2797 2796
695 2798 2797
2798 2796 2797
165 2799 2801
694 2800 2799
693 2801 2800
2801 2799 2800
166 2802 2804
695 2803 2802
694 2804 2803
2804 2802 2803
695 2805 2807
693 2806 2805
694 2807 2806
2807 2805 2806
4 2808 2810
696 2809 2808
698 2810 2809
2810 2808 2809
168 2811 2813
697 2812 2811
696 2813 2812
2813 2811 2812
170 2814 2816
698 2815 2814
697 2816 2815
2816 2814 2815
698 2817 2819
696 2818 2817
697 2819 2818
2819 2817 2818
36 2820 2822
699 2821 2820
701 2822 2821
2822 2820 2821
169 2823 2825
700 2824 2823
699 2825 2824
2825 2823 2824
168 2826 2828
701 2827 2826
700 2828 2827
2828 2826 2827
701 2829 2831
699 2830 2829
700 2831 2830
2831 2829 2830
38 2832 2834
702 2833 2832
704 2834 2833
2834 2832 2833
170 2835 2837
703 2836 2835
702 2837 2836
2837 2835 2836
169 2838 2840
704 2839 2838
703 2840 2839
2840 2838 2839
704 2841 2843
702 2842 2841
703 2843 2842
2843 2841 2842
170 2844 2846
705 2845 2844
707 2846 2845
2846 2844 2845
168 2847 2849
706 2848 2847
705 2849 2848
2849 2847 2848
169 2850 2852
707 2851 2850
706 2852 2851
2852 2850 2851
707 2853 2855
705 2854 2853
706 2855 2854
2855 2853 2854
9 2856 2858
708 2857 2856
710 2858 2857
2858 2856 2857
171 2859 2861
709 2860 2859
708 2861 2860
2861 2859 2860
173 2862 2864
710 2863 2862
709 2864 2863
2864 2862 2863
710 2865 2867
708 2866 2865
709 2867 2866
2867 2865 2866
37 2868 2870
711 2869 2868
713 2870 2869
2870 2868 2869
172 2871 2873
712 2872 2871
711 2873 2872
2873 2871 2872
171 2874 2876
713 2875 2874
712 2876 2875
2876 2874 2875
713 2877 2879
711 2878 2877
712 2879 2878
2879 2877 2878
36 2880 2882
714 2881 2880
716 2882 2881
2882 2880 2881
173 2883 2885
715 2884 2883
714 2885 2884
2885 2883 2884
172 2886 2888
716 2887 2886
715 2888 2887
2888 2886 2887
716 2889 2891
714 2890 2889
715 2891 2890
2891 2889 2890
173 2892 2894
717 2893 2892
719 2894 2893
2894 2892 2893
171 2895 2897
718 2896 2895
717 2897 2896
2897 2895 2896
172 2898 2900
719 2899 2898
718 2900 2899
2900 2898 2899
719 2901 2903
717 2902 2901
718 2903 2902
2903 2901 2902
5 2904 2906
720 2905 2904
722 2906 2905
2906 2904 2905
174 2907 2909
721 2908 2907
720 2909 2908
2909 2907 2908
176 2910 2912
722 2911 2910
721 2912 2911
2912 2910 2911
722 2913 2915
720 2914 2913
721 2915 2914
2915 2913 2914
38 2916 2918
723 2917 2916
725 2918 2917
2918 2916 2917
175 2919 2921
724 2920 2919
723 2921 2920
2921 2919 2920
174 2922 2924
725 2923 2922
724 2924 2923
2924 2922 2923
725 2925 2927
723 2926 2925
724 2927 2926
2927 2925 2926
37 2928 2930
726 2929 2928
728 2930 2929
2930 2928 2929
176 2931 2933
727 2932 2931
726 2933 2932
2933 2931 2932
175 2934 2936
728 2935 2934
727 2936 2935
2936 2934 2935
728 2937 2939
726 2938 2937
727 2939 2938
2939 2937 2938
176 2940 2942
729 2941 2940
731 2942 2941
2942 2940 2941
174 2943 2945
730 2944 2943
729 2945 2944
2945 2943 2944
175 2946 2948
731 2947 2946
730 2948 2947
2948 2946 2947
731 2949 2951
729 2950 2949
730 2951 2950
2951 2949 2950
38 2952 2954
732 2953 2952
734 2954 2953
2954 2952 2953
177 2955 2957
733 2956 2955
732 2957 2956
2957 2955 2956
179 2958 2960
734 2959 2958
733 2960 2959
2960 2958 2959
734 2961 2963
732 2962 2961
733 2963 2962
2963 2961 2962
36 2964 2966
735 2965 2964
737 2966 2965
2966 2964 2965
178 2967 2969
736 2968 2967
735 2969 2968
2969 2967 2968
177 2970 2972
737 2971 2970
736 2972 2971
2972 2970 2971
737 2973 2975
735 2974 2973
736 2975 2974
2975 2973 2974
37 2976 2978
738 2977 2976
740 2978 2977
2978 2976 2977
179 2979 2981
739 2980 2979
738 2981 2980
2981 2979 2980
178 2982 2984
740 2983 2982
739 2984 2983
2984 2982 2983
740 2985 2987
738 2986 2985
739 2987 2986
2987 2985 2986
179 2988 2990
741 2989 2988
743 2990 2989
2990 2988 2989
177 2991 2993
742 2992 2991
741 2993 2992
2993 2991 2992
178 2994 2996
743 2995 2994
742 2996 2995
2996 2994 2995
743 2997 2999
741 2998 2997
742 2999 2998
2999 2997 2998
5 3000 3002
744 3001 3000
746 3002 3001
3002 3000 3001
180 3003 3005
745 3004 3003
744 3005 3004
3005 3003 3004
182 3006 3008
746 3007 3006
745 3008 3007
3008 3006 3007
746 3009 3011
744 3010 3009
745 3011 3010
3011 3009 3010
39 3012 3014
747 3013 3012
749 3014 3013
3014 3012 3013
181 3015 3017
748 3016 3015
747 3017 3016
3017 3015 3016
180 3018 3020
749 3019 3018
748 3020 3019
3020 3018 3019
749 3021 3023
747 3022 3021
748 3023 3022
3023 3021 3022
41 3024 3026
750 3025 3024
752 3026 3025
3026 3024 3025
182 3027 3029
751 3028 3027
750 3029 3028
3029 3027 3028
181 3030 3032
752 3031 3030
751 3032 3031
3032 3030 3031
752 3033 3035
750 3034 3033
751 3035 3034
3035 3033 3034
182 3036 3038
753 3037 3036
755 3038 3037
3038 3036 3037
180 3039 3041
754 3040 3039
753 3041 3040
3041 3039 3040
181 3042 3044
755 3043 3042
754 3044 3043
3044 3042 3043
755 3045 3047
753 3046 3045
754 3047 3046
3047 3045 3046
10 3048 3050
756 3049 3048
758 3050 3049
3050 3048 3049
183 3051 3053
757 3052 3051
756 3053 3052
3053 3051 3052
185 3054 3056
758 3055 3054
757 3056 3055
3056 3054 3055
758 3057 3059
756 3058 3057
757 3059 3058
3059 3057 3058
40 3060 3062
759 3061 3060
761 3062 3061
3062 3060 3061
184 3063 3065
760 3064 3063
759 3065 3064
3065 3063 3064
183 3066 3068
761 3067 3066
760 3068 3067
3068 3066 3067
761 3069 3071
759 3070 3069
760 3071 3070
3071 3069 3070
39 3072 3074
762 3073 3072
764 3074 3073
3074 3072 3073
185 3075 3077
763 3076 3075
762 3077 3076
3077 3075 3076
184 3078 3080
764 3079 3078
763 3080 3079
3080 3078 3079
764 3081 3083
762 3082 3081
763 3083 3082
3083 3081 3082
185 3084 3086
765 3085 3084
767 3086 3085
3086 3084 3085
183 3087 3089
766 3088 3087
765 3089 3088
3089 3087 3088
184 3090 3092
767 3091 3090
766 3092 3091
3092 3090 3091
767 3093 3095
765 3094 3093
766 3095 3094
3095 3093 3094
1 3096 3098
768 3097 3096
770 3098 3097
3098 3096 3097
186 3099 3101
769 3100 3099
768 3101 3100
3101 3099 3100
188 3102 3104
770 3103 3102
769 3104 3103
3104 3102 3103
770 3105 3107
768 3106 3105
769 3107 3106
3107 3105 3106
41 3108 3110
771 3109 3108
773 3110 3109
3110 3108 3109
187 3111 3113
772 3112 3111
771 3113 3112
3113 3111 3112
186 3114 3116
773 3115 3114
772 3116 3115
3116 3114 3115
773 3117 3119
771 3118 3117
772 3119 3118
3119 3117 3118
40 3120 3122
774 3121 3120
776 3122 3121
3122 3120 3121
188 3123 3125
775 3124 3123
774 3125 3124
3125 3123 3124
187 3126 3128
776 3127 3126
775 3128 3127
3128 3126 3127
776 3129 3131
774 3130 3129
775 3131 3130
3131 3129 3130
188 3132 3134
777 3133 3132
779 3134 3133
3134 3132 3133
186 3135 3137
778 3136 3135
777 3137 3136
3137 3135 3136
187 3138 3140
779 3139 3138
778 3140 3139
3140 3138 3139
779 3141 3143
777 3142 3141
778 3143 3142
3143 3141 3142
41 3144 3146
780 3145 3144
782 3146 3145
3146 3144 3145
189 3147 3149
781 3148 3147
780 3149 3148
3149 3147 3148
191 3150 3152
782 3151 3150
781 3152 3151
3152 3150 3151
782 3153 3155
780 3154 3153
781 3155 3154
3155 3153 3154
39 3156 3158
783 3157 3156
785 3158 3157
3158 3156 3157
190 3159 3161
784 3160 3159
783 3161 3160
3161 3159 3160
189 3162 3164
785 3163 3162
784 3164 3163
3164 3162 3163
785 3165 3167
783 3166 3165
784 3167 3166
3167 3165 3166
40 3168 3170
786 3169 3168
788 3170 3169
3170 3168 3169
191 3171 3173
787 3172 3171
786 3173 3172
3173 3171 3172
190 3174 3176
788 3175 3174
787 3176 3175
3176 3174 3175
788 3177 3179
786 3178 3177
787 3179 3178
3179 3177 3178
191 3180 3182
789 3181 3180
791 3182 3181
3182 3180 3181
189 3183 3185
790 3184 3183
789 3185 3184
3185 3183 3184
190 3186 3188
791 3187 3186
790 3188 3187
3188 3186 3187
791 3189 3191
789 3190 3189
790 3191 3190
3191 3189 3190
2 3192 3194
792 3193 3192
794 3194 3193
3194 3192 3193
192 3195 3197
793 3196 3195
792 3197 3196
3197 3195 3196
194 3198 3200
794 3199 3198
793 3200 3199
3200 3198 3199
794 3201 3203
792 3202 3201
793 3203 3202
3203 3201 3202
42 3204 3206
795 3205 3204
797 3206 3205
3206 3204 3205
193 3207 3209
796 3208 3207
795 3209 3208
3209 3207 3208
192 3210 3212
797 3211 3210
796 3212 3211
3212 3210 3211
797 3213 3215
795 3214 3213
796 3215 3214
3215 3213 3214
44 3216 3218
798 3217 3216
800 3218 3217
3218 3216 3217
194 3219 3221
799 3220 3219
798 3221 3220
3221 3219 3220
193 3222 3224
800 3223 3222
799 3224 3223
3224 3222 3223
800 3225 3227
798 3226 3225
799 3227 3226
3227 3225 3226
194 3228 3230
801 3229 3228
803 3230 3229
3230 3228 3229
192 3231 3233
802 3232 3231
801 3233 3232
3233 3231 3232
193 3234 3236
803 3235 3234
802 3236 3235
3236 3234 3235
803 3237 3239
801 3238 3237
802 3239 3238
3239 3237 3238
6 3240 3242
804 3241 3240
806 3242 3241
3242 3240 3241
195 3243 3245
805 3244 3243
804 3245 3244
3245 3243 3244
197 3246 3248
806 3247 3246
805 3248 3247
3248 3246 3247
806 3249 3251
804 3250 3249
805 3251 3250
3251 3249 3250
43 3252 3254
807 3253 3252
809 3254 3253
3254 3252 3253
196 3255 3257
808 3256 3255
807 3257 3256
3257 3255 3256
195 3258 3260
809 3259 3258
808 3260 3259
3260 3258 3259
809 3261 3263
807 3262 3261
808 3263 3262
3263 3261 3262
42 3264 3266
810 3265 3264
812 3266 3265
3266 3264 3265
197 3267 3269
811 3268 3267
810 3269 3268
3269 3267 3268
196 3270 3272
812 3271 3270
811 3272 3271
3272 3270 3271
812 3273 3275
810 3274 3273
811 3275 3274
3275 3273 3274
197 3276 3278
813 3277 3276
815 3278 3277
3278 3276 3277
195 3279 3281
814 3280 3279
813 3281 3280
3281 3279 3280
196 3282 3284
815 3283 3282
814 3284 3283
3284 3282 3283
815 3285 3287
813 3286 3285
814 3287 3286
3287 3285 3286
7 3288 3290
816 3289 3288
818 3290 3289
3290 3288 3289
198 3291 3293
817 3292 3291
816 3293 3292
3293 3291 3292
200 3294 3296
818 3295 3294
817 3296 3295
3296 3294 3295
818 3297 3299
816 3298 3297
817 3299 3298
3299 3297 3298
44 3300 3302
819 3301 3300
821 3302 3301
3302 3300 3301
199 3303 3305
820 3304 3303
819 3305 3304
3305 3303 3304
198 3306 3308
821 3307 3306
820 3308 3307
3308 3306 3307
821 3309 3311
819 3310 3309
820 3311 3310
3311 3309 3310
43 3312 3314
822 3313 3312
824 3314 3313
3314 3312 3313
200 3315 3317
823 3316 3315
822 3317 3316
3317 3315 3316
199 3318 3320
824 3319 3318
823 3320 3319
3320 3318 3319
824 3321 3323
822 3322 3321
823 3323 3322
3323 3321 3322
200 3324 3326
825 3325 3324
827 3326 3325
3326 3324 3325
198 3327 3329
826 3328 3327
825 3329 3328
3329 3327 3328
199 3330 3332
827 3331 3330
826 3332 3331
3332 3330 3331
827 3333 3335
825 3334 3333
826 3335 3334
3335 3333 3334
44 3336 3338
828 3337 3336
830 3338 3337
3338 3336 3337
201 3339 3341
829 3340 3339
828 3341 3340
3341 3339 3340
203 3342 3344
830 3343 3342
829 3344 3343
3344 3342 3343
830 3345 3347
828 3346 3345
829 3347 3346
3347 3345 3346
42 3348 3350
831 3349 3348
833 3350 3349
3350 3348 3349
202 3351 3353
832 3352 3351
831 3353 3352
3353 3351 3352
201 3354 3356
833 3355 3354
832 3356 3355
3356 3354 3355
833 3357 3359
831 3358 3357
832 3359 3358
3359 3357 3358
43 3360 3362
834 3361 3360
836 3362 3361
3362 3360 3361
203 3363 3365
835 3364 3363
834 3365 3364
3365 3363 3364
202 3366 3368
836 3367 3366
835 3368 3367
3368 3366 3367
836 3369 3371
834 3370 3369
835 3371 3370
3371 3369 3370
203 3372 3374
837 3373 3372
839 3374 3373
3374 3372 3373
201 3375 3377
838 3376 3375
837 3377 3376
3377 3375 3376
202 3378 3380
839 3379 3378
838 3380 3379
3380 3378 3379
839 3381 3383
837 3382 3381
838 3383 3382
3383 3381 3382
3 3384 3386
840 3385 3384
842 3386 3385
3386 3384 3385
204 3387 3389
841 3388 3387
840 3389 3388
3389 3387 3388
206 3390 3392
842 3391 3390
841 3392 3391
3392 3390 3391
842 3393 3395
840 3394 3393
841 3395 3394
3395 3393 3394
45 3396 3398
843 3397 3396
845 3398 3397
3398 3396 3397
205 3399 3401
844 3400 3399
843 3401 3400
3401 3399 3400
204 3402 3404
845 3403 3402
844 3404 3403
3404 3402 3403
845 3405 3407
843 3406 3405
844 3407 3406
3407 3405 3406
47 3408 3410
846 3409 3408
848 3410 3409
3410 3408 3409
206 3411 3413
847 3412 3411
846 3413 3412
3413 3411 3412
205 3414 3416
848 3415 3414
847 3416 3415
3416 3414 3415
848 3417 3419
846 3418 3417
847 3419 3418
3419 3417 3418
206 3420 3422
849 3421 3420
851 3422 3421
3422 3420 3421
204 3423 3425
850 3424 3423
849 3425 3424
3425 3423 3424
205 3426 3428
851 3427 3426
850 3428 3427
3428 3426 3427
851 3429 3431
849 3430 3429
850 3431 3430
3431 3429 3430
7 3432 3434
852 3433 3432
854 3434 3433
3434 3432 3433
207 3435 3437
853 3436 3435
852 3437 3436
3437 3435 3436
209 3438 3440
854 3439 3438
853 3440 3439
3440 3438 3439
854 3441 3443
852 3442 3441
853 3443 3442
3443 3441 3442
46 3444 3446
855 3445 3444
857 3446 3445
3446 3444 3445
208 3447 3449
856 3448 3447
855 3449 3448
3449 3447 3448
207 3450 3452
857 3451 3450
856 3452 3451
3452 3450 3451
857 3453 3455
855 3454 3453
856 3455 3454
3455 3453 3454
45 3456 3458
858 3457 3456
860 3458 3457
3458 3456 3457
209 3459 3461
859 3460 3459
858 3461 3460
3461 3459 3460
208 3462 3464
860 3463 3462
859 3464 3463
3464 3462 3463
860 3465 3467
858 3466 3465
859 3467 3466
3467 3465 3466
209 3468 3470
861 3469 3468
863 3470 3469
3470 3468 3469
207 3471 3473
862 3472 3471
861 3473 3472
3473 3471 3472
208 3474 3476
863 3475 3474
862 3476 3475
3476 3474 3475
863 3477 3479
861 3478 3477
862 3479 3478
3479 3477 3478
8 3480 3482
864 3481 3480
866 3482 3481
3482 3480 3481
210 3483 3485
865 3484 3483
864 3485 3484
3485 3483 3484
212 3486 3488
866 3487 3486
865 3488 3487
3488 3486 3487
866 3489 3491
864 3490 3489
865 3491 3490
3491 3489 3490
47 3492 3494
867 3493 3492
869 3494 3493
3494 3492 3493
211 3495 3497
868 3496 3495
867 3497 3496
3497 3495 3496
210 3498 3500
869 3499 3498
868 3500 3499
3500 3498 3499
869 3501 3503
867 3502 3501
868 3503 3502
3503 3501 3502
46 3504 3506
870 3505 3504
872 3506 3505
3506 3504 3505
212 3507 3509
871 3508 3507
870 3509 3508
3509 3507 3508
211 3510 3512
872 3511 3510
871 3512 3511
3512 3510 3511
872 3513 3515
870 3514 3513
871 3515 3514
3515 3513 3514
212 3516 3518
873 3517 3516
875 3518 3517
3518 3516 3517
210 3519 3521
874 3520 3519
873 3521 3520
3521 3519 3520
211 3522 3524
875 3523 3522
874 3524 3523
3524 3522 3523
875 3525 3527
873 3526 3525
874 3527 3526
3527 3525 3526
47 3528 3530
876 3529 3528
878 3530 3529
3530 3528 3529
213 3531 3533
877 3532 3531
876 3533 3532
3533 3531 3532
215 3534 3536
878 3535 3534
877 3536 3535
3536 3534 3535
878 3537 3539
876 3538 3537
877 3539 3538
3539 3537 3538
45 3540 3542
879 3541 3540
881 3542 3541
3542 3540 3541
214 3543 3545
880 3544 3543
879 3545 3544
3545 3543 3544
213 3546 3548
881 3547 3546
880 3548 3547
3548 3546 3547
881 3549 3551
879 3550 3549
880 3551 3550
3551 3549 3550
46 3552 3554
882 3553 3552
884 3554 3553
3554 3552 3553
215 3555 3557
883 3556 3555
882 3557 3556
3557 3555 3556
214 3558 3560
884 3559 3558
883 3560 3559
3560 3558 3559
884 3561 3563
882 3562 3561
883 3563 3562
3563 3561 3562
215 3564 3566
885 3565 3564
887 3566 3565
3566 3564 3565
213 3567 3569
886 3568 3567
885 3569 3568
3569 3567 3568
214 3570 3572
887 3571 3570
886 3572 3571
3572 3570 3571
887 3573 3575
885 3574 3573
886 3575 3574
3575 3573 3574
4 3576 3578
888 3577 3576
890 3578 3577
3578 3576 3577
216 3579 3581
889 3580 3579
888 3581 3580
3581 3579 3580
218 3582 3584
890 3583 3582
889 3584 3583
3584 3582 3583
890 3585 3587
888 3586 3585
889 3587 3586
3587 3585 3586
48 3588 3590
891 3589 3588
893 3590 3589
3590 3588 3589
217 3591 3593
892 3592 3591
891 3593 3592
3593 3591 3592
216 3594 3596
893 3595 3594
892 3596 3595
3596 3594 3595
893 3597 3599
891 3598 3597
892 3599 3598
3599 3597 3598
50 3600 3602
894 3601 3600
896 3602 3601
3602 3600 3601
218 3603 3605
895 3604 3603
894 3605 3604
3605 3603 3604
217 3606 3608
896 3607 3606
895 3608 3607
3608 3606 3607
896 3609 3611
894 3610 3609
895 3611 3610
3611 3609 3610
218 3612 3614
897 3613 3612
899 3614 3613
3614 3612 3613
216 3615 3617
898 3616 3615
897 3617 3616
3617 3615 3616
217 3618 3620
899 3619 3618
898 3620 3619
3620 3618 3619
899 3621 3623
897 3622 3621
898 3623 3622
3623 3621 3622
8 3624 3626
900 3625 3624
902 3626 3625
3626 3624 3625
219 3627 3629
901 3628 3627
900 3629 3628
3629 3627 3628
221 3630 3632
902 3631 3630
901 3632 3631
3632 3630 3631
902 3633 3635
900 3634 3633
901 3635 3634
3635 3633 3634
49 3636 3638
903 3637 3636
905 3638 3637
3638 3636 3637
220 3639 3641
904 3640 3639
903 3641 3640
3641 3639 3640
219 3642 3644
905 3643 3642
904 3644 3643
3644 3642 3643
905 3645 3647
903 3646 3645
904 3647 3646
3647 3645 3646
48 3648 3650
906 3649 3648
908 3650 3649
3650 3648 3649
221 3651 3653
907 3652 3651
906 3653 3652
3653 3651 3652
220 3654 3656
908 3655 3654
907 3656 3655
3656 3654 3655
908 3657 3659
906 3658 3657
907 3659 3658
3659 3657 3658
221 3660 3662
909 3661 3660
911 3662 3661
3662 3660 3661
219 3663 3665
910 3664 3663
909 3665 3664
3665 3663 3664
220 3666 3668
911 3667 3666
910 3668 3667
3668 3666 3667
911 3669 3671
909 3670 3669
910 3671 3670
3671 3669 3670
9 3672 3674
912 3673 3672
914 3674 3673
3674 3672 3673
222 3675 3677
913 3676 3675
912 3677 3676
3677 3675 3676
224 3678 3680
914 3679 3678
913 3680 3679
3680 3678 3679
914 3681 3683
912 3682 3681
913 3683 3682
3683 3681 3682
50 3684 3686
915 3685 3684
917 3686 3685
3686 3684 3685
223 3687 3689
916 3688 3687
915 3689 3688
3689 3687 3688
222 3690 3692
917 3691 3690
916 3692 3691
3692 3690 3691
917 3693 3695
915 3694 3693
916 3695 3694
3695 3693 3694
49 3696 3698
918 3697 3696
920 3698 3697
3698 3696 3697
224 3699 3701
919 3700 3699
918 3701 3700
3701 3699 3700
223 3702 3704
920 3703 3702
919 3704 3703
3704 3702 3703
920 3705 3707
918 3706 3705
919 3707 3706
3707 3705 3706
224 3708 3710
921 3709 3708
923 3710 3709
3710 3708 3709
222 3711 3713
922 3712 3711
921 3713 3712
3713 3711 3712
223 3714 3716
923 3715 3714
922 3716 3715
3716 3714 3715
923 3717 3719
921 3718 3717
922 3719 3718
3719 3717 3718
50 3720 3722
924 3721 3720
926 3722 3721
3722 3720 3721
225 3723 3725
925 3724 3723
924 3725 3724
3725 3723 3724
227 3726 3728
926 3727 3726
925 3728 3727
3728 3726 3727
926 3729 3731
924 3730 3729
925 3731 3730
3731 3729 3730
48 3732 3734
927 3733 3732
929 3734 3733
3734 3732 3733
226 3735 3737
928 3736 3735
927 3737 3736
3737 3735 3736
225 3738 3740
929 3739 3738
928 3740 3739
3740 3738 3739
929 3741 3743
927 3742 3741
928 3743 3742
3743 3741 3742
49 3744 3746
930 3745 3744
932 3746 3745
3746 3744 3745
227 3747 3749
931 3748 3747
930 3749 3748
3749 3747 3748
226 3750 3752
932 3751 3750
931 3752 3751
3752 3750 3751
932 3753 3755
930 3754 3753
931 3755 3754
3755 3753 3754
227 3756 3758
933 3757 3756
935 3758 3757
3758 3756 3757
225 3759 3761
934 3760 3759
933 3761 3760
3761 3759 3760
226 3762 3764
935 3763 3762
934 3764 3763
3764 3762 3763
935 3765 3767
933 3766 3765
934 3767 3766
3767 3765 3766
5 3768 3770
936 3769 3768
938 3770 3769
3770 3768 3769
228 3771 3773
937 3772 3771
936 3773 3772
3773 3771 3772
230 3774 3776
938 3775 3774
937 3776 3775
3776 3774 3775
938 3777 3779
936 3778 3777
937 3779 3778
3779 3777 3778
51 3780 3782
939 3781 3780
941 3782 3781
3782 3780 3781
229 3783 3785
940 3784 3783
939 3785 3784
3785 3783 3784
228 3786 3788
941 3787 3786
940 3788 3787
3788 3786 3787
941 3789 3791
939 3790 3789
940 3791 3790
3791 3789 3790
53 3792 3794
942 3793 3792
944 3794 3793
3794 3792 3793
230 3795 3797
943 3796 3795
942 3797 3796
3797 3795 3796
229 3798 3800
944 3799 3798
943 3800 3799
3800 3798 3799
944 3801 3803
942 3802 3801
943 3803 3802
3803 3801 3802
230 3804 3806
945 3805 3804
947 3806 3805
3806 3804 3805
228 3807 3809
946 3808 3807
945 3809 3808
3809 3807 3808
229 3810 3812
947 3811 3810
946 3812 3811
3812 3810 3811
947 3813 3815
945 3814 3813
946 3815 3814
3815 3813 3814
9 3816 3818
948 3817 3816
950 3818 3817
3818 3816 3817
231 3819 3821
949 3820 3819
948 3821 3820
3821 3819 3820
233 3822 3824
950 3823 3822
949 3824 3823
3824 3822 3823
950 3825 3827
948 3826 3825
949 3827 3826
3827 3825 3826
52 3828 3830
951 3829 3828
953 3830 3829
3830 3828 3829
232 3831 3833
952 3832 3831
951 3833 3832
3833 3831 3832
231 3834 3836
953 3835 3834
952 3836 3835
3836 3834 3835
953 3837 3839
951 3838 3837
952 3839 3838
3839 3837 3838
51 3840 3842
954 3841 3840
956 3842 3841
3842 3840 3841
233 3843 3845
955 3844 3843
954 3845 3844
3845 3843 3844
232 3846 3848
956 3847 3846
955 3848 3847
3848 3846 3847
956 3849 3851
954 3850 3849
955 3851 3850
3851 3849 3850
233 3852 3854
957 3853 3852
959 3854 3853
3854 3852 3853
231 3855 3857
958 3856 3855
957 3857 3856
3857 3855 3856
232 3858 3860
959 3859 3858
958 3860 3859
3860 3858 3859
959 3861 3863
957 3862 3861
958 3863 3862
3863 3861 3862
10 3864 3866
960 3865 3864
962 3866 3865
3866 3864 3865
234 3867 3869
961 3868 3867
960 3869 3868
3869 3867 3868
236 3870 3872
962 3871 3870
961 3872 3871
3872 3870 3871
962 3873 3875
960 3874 3873
961 3875 3874
3875 3873 3874
53 3876 3878
963 3877 3876
965 3878 3877
3878 3876 3877
235 3879 3881
964 3880 3879
963 3881 3880
3881 3879 3880
234 3882 3884
965 3883 3882
964 3884 3883
3884 3882 3883
965 3885 3887
963 3886 3885
964 3887 3886
3887 3885 3886
52 3888 3890
966 3889 3888
968 3890 3889
3890 3888 3889
236 3891 3893
967 3892 3891
966 3893 3892
3893 3891 3892
235 3894 3896
968 3895 3894
967 3896 3895
3896 3894 3895
968 3897 3899
966 3898 3897
967 3899 3898
3899 3897 3898
236 3900 3902
969 3901 3900
971 3902 3901
3902 3900 3901
234 3903 3905
970 3904 3903
969 3905 3904
3905 3903 3904
235 3906 3908
971 3907 3906
970 3908 3907
3908 3906 3907
971 3909 3911
969 3910 3909
970 3911 3910
3911 3909 3910
53 3912 3914
972 3913 3912
974 3914 3913
3914 3912 3913
237 3915 3917
973 3916 3915
972 3917 3916
3917 3915 3916
239 3918 3920
974 3919 3918
973 3920 3919
3920 3918 3919
974 3921 3923
972 3922 3921
973 3923 3922
3923 3921 3922
51 3924 3926
975 3925 3924
977 3926 3925
3926 3924 3925
238 3927 3929
976 3928 3927
975 3929 3928
3929 3927 3928
237 3930 3932
977 3931 3930
976 3932 3931
3932 3930 3931
977 3933 3935
975 3934 3933
976 3935 3934
3935 3933 3934
52 3936 3938
978 3937 3936
980 3938 3937
3938 3936 3937
239 3939 3941
979 3940 3939
978 3941 3940
3941 3939 3940
238 3942 3944
980 3943 3942
979 3944 3943
3944 3942 3943
980 3945 3947
978 3946 3945
979 3947 3946
3947 3945 3946
239 3948 3950
981 3949 3948
983 3950 3949
3950 3948 3949
237 3951 3953
982 3952 3951
981 3953 3952
3953 3951 3952
238 3954 3956
983 3955 3954
982 3956 3955
3956 3954 3955
983 3957 3959
981 3958 3957
982 3959 3958
3959 3957 3958
1 3960 3962
984 3961 3960
986 3962 3961
3962 3960 3961
240 3963 3965
985 3964 3963
984 3965 3964
3965 3963 3964
242 3966 3968
986 3967 3966
985 3968 3967
3968 3966 3967
986 3969 3971
984 3970 3969
985 3971 3970
3971 3969 3970
54 3972 3974
987 3973 3972
989 3974 3973
3974 3972 3973
241 3975 3977
988 3976 3975
987 3977 3976
3977 3975 3976
240 3978 3980
989 3979 3978
988 3980 3979
3980 3978 3979
989 3981 3983
987 3982 3981
988 3983 3982
3983 3981 3982
56 3984 3986
990 3985 3984
992 3986 3985
3986 3984 3985
242 3987 3989
991 3988 3987
990 3989 3988
3989 3987 3988
241 3990 3992
992 3991 3990
991 3992 3991
3992 3990 3991
992 3993 3995
990 3994 3993
991 3995 3994
3995 3993 3994
242 3996 3998
993 3997 3996
995 3998 3997
3998 3996 3997
240 3999 4001
994 4000 3999
993 4001 4000
4001 3999 4000
241 4002 4004
995 4003 4002
994 4004 4003
4004 4002 4003
995 4005 4007
993 4006 4005
994 4007 4006
4007 4005 4006
10 4008 4010
996 4009 4008
998 4010 4009
4010 4008 4009
243 4011 4013
997 4012 4011
996 4013 4012
4013 4011 4012
245 4014 4016
998 4015 4014
997 4016 4015
4016 4014 4015
998 4017 4019
996 4018 4017
997 4019 4018
4019 4017 4018
55 4020 4022
999 4021 4020
1001 4022 4021
4022 4020 4021
244 4023 4025
1000 4024 4023
999 4025 4024
4025 4023 4024
243 4026 4028
1001 4027 4026
1000 4028 4027
4028 4026 4027
1001 4029 4031
999 4030 4029
1000 4031 4030
4031 4029 4030
54 4032 4034
1002 4033 4032
1004 4034 4033
4034 4032 4033
245 4035 4037
1003 4036 4035
1002 4037 4036
4037 4035 4036
244 4038 4040
1004 4039 4038
1003 4040 4039
4040 4038 4039
1004 4041 4043
1002 4042 4041
1003 4043 4042
4043 4041 4042
245 4044 4046
1005 4045 4044
1007 4046 4045
4046 4044 4045
243 4047 4049
1006 4048 4047
1005 4049 4048
4049 4047 4048
244 4050 4052
1007 4051 4050
1006 4052 4051
4052 4050 4051
1007 4053 4055
1005 4054 4053
1006 4055 4054
4055 4053 4054
6 4056 4058
1008 4057 4056
1010 4058 4057
4058 4056 4057
246 4059 4061
1009 4060 4059
1008 4061 4060
4061 4059 4060
248 4062 4064
1010 4063 4062
1009 4064 4063
4064 4062 4063
1010 4065 4067
1008 4066 4065
1009 4067 4066
4067 4065 4066
56 4068 4070
1011 4069 4068
1013 4070 4069
4070 4068 4069
247 4071 4073
1012 4072 4071
1011 4073 4072
4073 4071 4072
246 4074 4076
1013 4075 4074
1012 4076 4075
4076 4074 4075
1013 4077 4079
1011 4078 4077
1012 4079 4078
4079 4077 4078
55 4080 4082
1014 4081 4080
1016 4082 4081
4082 4080 4081
248 4083 4085
1015 4084 4083
1014 4085 4084
4085 4083 4084
247 4086 4088
1016 4087 4086
1015 4088 4087
4088 4086 4087
1016 4089 4091
1014 4090 4089
1015 4091 4090
4091 4089 4090
248 4092 4094
1017 4093 4092
1019 4094 4093
4094 4092 4093
246 4095 4097
1018 4096 4095
1017 4097 4096
4097 4095 4096
247 4098 4100
1019 4099 4098
1018 4100 4099
4100 4098 4099
1019 4101 4103
1017 4102 4101
1018 4103 4102
4103 4101 4102
56 4104 4106
1020 4105 4104
1022 4106 4105
4106 4104 4105
249 4107 4109
1021 4108 4107
1020 4109 4108
4109 4107 4108
251 4110 4112
1022 4111 4110
1021 4112 4111
4112 4110 4111
1022 4113 4115
1020 4114 4113
1021 4115 4114
4115 4113 4114
54 4116 4118
1023 4117 4116
1025 4118 4117
4118 4116 4117
250 4119 4121
1024 4120 4119
1023 4121 4120
4121 4119 4120
249 4122 4124
1025 4123 4122
1024 4124 4123
4124 4122 4123
1025 4125 4127
1023 4126 4125
1024 4127 4126
4127 4125 4126
55 4128 4130
1026 4129 4128
1028 4130 4129
4130 4128 4129
251 4131 4133
1027 4132 4131
1026 4133 4132
4133 4131 4132
250 4134 4136
1028 4135 4134
1027 4136 4135
4136 4134 4135
1028 4137 4139
1026 4138 4137
1027 4139 4138
4139 4137 4138
251 4140 4142
1029 4141 4140
1031 4142 4141
4142 4140 4141
249 4143 4145
1030 4144 4143
1029 4145 4144
4145 4143 4144
250 4146 4148
1031 4147 4146
1030 4148 4147
4148 4146 4147
1031 4149 4151
1029 4150 4149
1030 4151 4150
4151 4149 4150
11 4152 4154
1032 4153 4152
1034 4154 4153
4154 4152 4153
252 4155 4157
1033 4156 4155
1032 4157 4156
4157 4155 4156
254 4158 4160
1034 4159 4158
1033 4160 4159
4160 4158 4159
1034 4161 4163
1032 4162 4161
1033 4163 4162
4163 4161 4162
57 4164 4166
1035 4165 4164
1037 4166 4165
4166 4164 4165
253 4167 4169
1036 4168 4167
1035 4169 4168
4169 4167 4168
252 4170 4172
1037 4171 4170
1036 4172 4171
4172 4170 4171
1037 4173 4175
1035 4174 4173
1036 4175 4174
4175 4173 4174
59 4176 4178
1038 4177 4176
1040 4178 4177
4178 4176 4177
254 4179 4181
1039 4180 4179
1038 4181 4180
4181 4179 4180
253 4182 4184
1040 4183 4182
1039 4184 4183
4184 4182 4183
1040 4185 4187
1038 4186 4185
1039 4187 4186
4187 4185 4186
254 4188 4190
1041 4189 4188
1043 4190 4189
4190 4188 4189
252 4191 4193
1042 4192 4191
1041 4193 4192
4193 4191 4192
253 4194 4196
1043 4195 4194
1042 4196 4195
4196 4194 4195
1043 4197 4199
1041 4198 4197
1042 4199 4198
4199 4197 4198
7 4200 4202
1044 4201 4200
1046 4202 4201
4202 4200 4201
255 4203 4205
1045 4204 4203
1044 4205 4204
4205 4203 4204
257 4206 4208
1046 4207 4206
1045 4208 4207
4208 4206 4207
1046 4209 4211
1044 4210 4209
1045 4211 4210
4211 4209 4210
58 4212 4214
1047 4213 4212
1049 4214 4213
4214 4212 4213
256 4215 4217
1048 4216 4215
1047 4217 4216
4217 4215 4216
255 4218 4220
1049 4219 4218
1048 4220 4219
4220 4218 4219
1049 4221 4223
1047 4222 4221
1048 4223 4222
4223 4221 4222
57 4224 4226
1050 4225 4224
1052 4226 4225
4226 4224 4225
257 4227 4229
1051 4228 4227
1050 4229 4228
4229 4227 4228
256 4230 4232
1052 4231 4230
1051 4232 4231
4232 4230 4231
1052 4233 4235
1050 4234 4233
1051 4235 4234
4235 4233 4234
257 4236 4238
1053 4237 4236
1055 4238 4237
4238 4236 4237
255 4239 4241
1054 4240 4239
1053 4241 4240
4241 4239 4240
256 4242 4244
1055 4243 4242
1054 4244 4243
4244 4242 4243
1055 4245 4247
1053 4246 4245
1054 4247 4246
4247 4245 4246
6 4248 4250
1056 4249 4248
1058 4250 4249
4250 4248 4249
258 4251 4253
1057 4252 4251
1056 4253 4252
4253 4251 4252
260 4254 4256
1058 4255 4254
1057 4256 4255
4256 4254 4255
1058 4257 4259
1056 4258 4257
1057 4259 4258
4259 4257 4258
59 4260 4262
1059 4261 4260
1061 4262 4261
4262 4260 4261
259 4263 4265
1060 4264 4263
1059 4265 4264
4265 4263 4264
258 4266 4268
1061 4267 4266
1060 4268 4267
4268 4266 4267
1061 4269 4271
1059 4270 4269
1060 4271 4270
4271 4269 4270
58 4272 4274
1062 4273 4272
1064 4274 4273
4274 4272 4273
260 4275 4277
1063 4276 4275
1062 4277 4276
4277 4275 4276
259 4278 4280
1064 4279 4278
1063 4280 4279
4280 4278 4279
1064 4281 4283
1062 4282 4281
1063 4283 4282
4283 4281 4282
260 4284 4286
1065 4285 4284
1067 4286 4285
4286 4284 4285
258 4287 4289
1066 4288 4287
1065 4289 4288
4289 4287 4288
259 4290 4292
1067 4291 4290
1066 4292 4291
4292 4290 4291
1067 4293 4295
1065 4294 4293
1066 4295 4294
4295 4293 4294
59 4296 4298
1068 4297 4296
1070 4298 4297
4298 4296 4297
261 4299 4301
1069 4300 4299
1068 4301 4300
4301 4299 4300
263 4302 4304
1070 4303 4302
1069 4304 4303
4304 4302 4303
1070 4305 4307
1068 4306 4305
1069 4307 4306
4307 4305 4306
57 4308 4310
1071 4309 4308
1073 4310 4309
4310 4308 4309
262 4311 4313
1072 4312 4311
1071 4313 4312
4313 4311 4312
261 4314 4316
1073 4315 4314
1072 4316 4315
4316 4314 4315
1073 4317 4319
1071 4318 4317
1072 4319 4318
4319 4317 4318
58 4320 4322
1074 4321 4320
1076 4322 4321
4322 4320 4321
263 4323 4325
1075 4324 4323
1074 4325 4324
4325 4323 4324
262 4326 4328
1076 4327 4326
1075 4328 4327
4328 4326 4327
1076 4329 4331
1074 4330 4329
1075 4331 4330
4331 4329 4330
263 4332 4334
1077 4333 4332
1079 4334 4333
4334 4332 4333
261 4335 4337
1078 4336 4335
1077 4337 4336
4337 4335 4336
262 4338 4340
1079 4339 4338
1078 4340 4339
4340 4338 4339
1079 4341 4343
1077 4342 4341
1078 4343 4342
4343 4341 4342
11 4344 4346
1080 4345 4344
1082 4346 4345
4346 4344 4345
264 4347 4349
1081 4348 4347
1080 4349 4348
4349 4347 4348
266 4350 4352
1082 4351 4350
1081 4352 4351
4352 4350 4351
1082 4353 4355
1080 4354 4353
1081 4355 4354
4355 4353 4354
60 4356 4358
1083 4357 4356
1085 4358 4357
4358 4356 4357
265 4359 4361
1084 4360 4359
1083 4361 4360
4361 4359 4360
264 4362 4364
1085 4363 4362
1084 4364 4363
4364 4362 4363
1085 4365 4367
1083 4366 4365
1084 4367 4366
4367 4365 4366
62 4368 4370
1086 4369 4368
1088 4370 4369
4370 4368 4369
266 4371 4373
1087 4372 4371
1086 4373 4372
4373 4371 4372
265 4374 4376
1088 4375 4374
1087 4376 4375
4376 4374 4375
1088 4377 4379
1086 4378 4377
1087 4379 4378
4379 4377 4378
266 4380 4382
1089 4381 4380
1091 4382 4381
4382 4380 4381
264 4383 4385
1090 4384 4383
1089 4385 4384
4385 4383 4384
265 4386 4388
1091 4387 4386
1090 4388 4387
4388 4386 4387
1091 4389 4391
1089 4390 4389
1090 4391 4390
4391 4389 4390
8 4392 4394
1092 4393 4392
1094 4394 4393
4394 4392 4393
267 4395 4397
1093 4396 4395
1092 4397 4396
4397 4395 4396
269 4398 4400
1094 4399 4398
1093 4400 4399
4400 4398 4399
1094 4401 4403
1092 4402 4401
1093 4403 4402
4403 4401 4402
61 4404 4406
1095 4405 4404
1097 4406 4405
4406 4404 4405
268 4407 4409
1096 4408 4407
1095 4409 4408
4409 4407 4408
267 4410 4412
1097 4411 4410
1096 4412 4411
4412 4410 4411
1097 4413 4415
1095 4414 4413
1096 4415 4414
4415 4413 4414
60 4416 4418
1098 4417 4416
1100 4418 4417
4418 4416 4417
269 4419 4421
1099 4420 4419
1098 4421 4420
4421 4419 4420
268 4422 4424
1100 4423 4422
1099 4424 4423
4424 4422 4423
1100 4425 4427
1098 4426 4425
1099 4427 4426
4427 4425 4426
269 4428 4430
1101 4429 4428
1103 4430 4429
4430 4428 4429
267 4431 4433
1102 4432 4431
1101 4433 4432
4433 4431 4432
268 4434 4436
1103 4435 4434
1102 4436 4435
4436 4434 4435
1103 4437 4439
1101 4438 4437
1102 4439 4438
4439 4437 4438
7 4440 4442
1104 4441 4440
1106 4442 4441
4442 4440 4441
270 4443 4445
1105 4444 4443
1104 4445 4444
4445 4443 4444
272 4446 4448
1106 4447 4446
1105 4448 4447
4448 4446 4447
1106 4449 4451
1104 4450 4449
1105 4451 4450
4451 4449 4450
62 4452 4454
1107 4453 4452
1109 4454 4453
4454 4452 4453
271 4455 4457
1108 4456 4455
1107 4457 4456
4457 4455 4456
270 4458 4460
1109 4459 4458
1108 4460 4459
4460 4458 4459
1109 4461 4463
1107 4462 4461
1108 4463 4462
4463 4461 4462
61 4464 4466
1110 4465 4464
1112 4466 4465
4466 4464 4465
272 4467 4469
1111 4468 4467
1110 4469 4468
4469 4467 4468
271 4470 4472
1112 4471 4470
1111 4472 4471
4472 4470 4471
1112 4473 4475
1110 4474 4473
1111 4475 4474
4475 4473 4474
272 4476 4478
1113 4477 4476
1115 4478 4477
4478 4476 4477
270 4479 4481
1114 4480 4479
1113 4481 4480
4481 4479 4480
271 4482 4484
1115 4483 4482
1114 4484 4483
4484 4482 4483
1115 4485 4487
1113 4486 4485
1114 4487 4486
4487 4485 4486
62 4488 4490
1116 4489 4488
1118 4490 4489
4490 4488 4489
273 4491 4493
1117 4492 4491
1116 4493 4492
4493 4491 4492
275 4494 4496
1118 4495 4494
1117 4496 4495
4496 4494 4495
1118 4497 4499
1116 4498 4497
1117 4499 4498
4499 4497 4498
60 4500 4502
1119 4501 4500
1121 4502 4501
4502 4500 4501
274 4503 4505
1120 4504 4503
1119 4505 4504
4505 4503 4504
273 4506 4508
1121 4507 4506
1120 4508 4507
4508 4506 4507
1121 4509 4511
1119 4510 4509
1120 4511 4510
4511 4509 4510
61 4512 4514
1122 4513 4512
1124 4514 4513
4514 4512 4513
275 4515 4517
1123 4516 4515
1122 4517 4516
4517 4515 4516
274 4518 4520
1124 4519 4518
1123 4520 4519
4520 4518 4519
1124 4521 4523
1122 4522 4521
1123 4523 4522
4523 4521 4522
275 4524 4526
1125 4525 4524
1127 4526 4525
4526 4524 4525
273 4527 4529
1126 4528 4527
1125 4529 4528
4529 4527 4528
274 4530 4532
1127 4531 4530
1126 4532 4531
4532 4530 4531
1127 4533 4535
1125 4534 4533
1126 4535 4534
4535 4533 4534
11 4536 4538
1128 4537 4536
1130 4538 4537
4538 4536 4537
276 4539 4541
1129 4540 4539
1128 4541 4540
4541 4539 4540
278 4542 4544
1130 4543 4542
1129 4544 4543
4544 4542 4543
1130 4545 4547
1128 4546 4545
1129 4547 4546
4547 4545 4546
63 4548 4550
1131 4549 4548
1133 4550 4549
4550 4548 4549
277 4551 4553
1132 4552 4551
1131 4553 4552
4553 4551 4552
276 4554 4556
1133 4555 4554
1132 4556 4555
4556 4554 4555
1133 4557 4559
1131 4558 4557
1132 4559 4558
4559 4557 4558
65 4560 4562
1134 4561 4560
1136 4562 4561
4562 4560 4561
278 4563 4565
1135 4564 4563
1134 4565 4564
4565 4563 4564
277 4566 4568
1136 4567 4566
1135 4568 4567
4568 4566 4567
1136 4569 4571
1134 4570 4569
1135 4571 4570
4571 4569 4570
278 4572 4574
1137 4573 4572
1139 4574 4573
4574 4572 4573
276 4575 4577
1138 4576 4575
1137 4577 4576
4577 4575 4576
277 4578 4580
1139 4579 4578
1138 4580 4579
4580 4578 4579
1139 4581 4583
1137 4582 4581
1138 4583 4582
4583 4581 4582
9 4584 4586
1140 4585 4584
1142 4586 4585
4586 4584 4585
279 4587 4589
1141 4588 4587
1140 4589 4588
4589 4587 4588
281 4590 4592
1142 4591 4590
1141 4592 4591
4592 4590 4591
1142 4593 4595
1140 4594 4593
1141 4595 4594
4595 4593 4594
64 4596 4598
1143 4597 4596
1145 4598 4597
4598 4596 4597
280 4599 4601
1144 4600 4599
1143 4601 4600
4601 4599 4600
279 4602 4604
1145 4603 4602
1144 4604 4603
4604 4602 4603
1145 4605 4607
1143 4606 4605
1144 4607 4606
4607 4605 4606
63 4608 4610
1146 4609 4608
1148 4610 4609
4610 4608 4609
281 4611 4613
1147 4612 4611
1146 4613 4612
4613 4611 4612
280 4614 4616
1148 4615 4614
1147 4616 4615
4616 4614 4615
1148 4617 4619
1146 4618 4617
1147 4619 4618
4619 4617 4618
281 4620 4622
1149 4621 4620
1151 4622 4621
4622 4620 4621
279 4623 4625
1150 4624 4623
1149 4625 4624
4625 4623 4624
280 4626 4628
1151 4627 4626
1150 4628 4627
4628 4626 4627
1151 4629 4631
1149 4630 4629
1150 4631 4630
4631 4629 4630
8 4632 4634
1152 4633 4632
1154 4634 4633
4634 4632 4633
282 4635 4637
1153 4636 4635
1152 4637 4636
4637 4635 4636
284 4638 4640
1154 4639 4638
1153 4640 4639
4640 4638 4639
1154 4641 4643
1152 4642 4641
1153 4643 4642
4643 4641 4642
65 4644 4646
1155 4645 4644
1157 4646 4645
4646 4644 4645
283 4647 4649
1156 4648 4647
1155 4649 4648
4649 4647 4648
282 4650 4652
1157 4651 4650
1156 4652 4651
4652 4650 4651
1157 4653 4655
1155 4654 4653
1156 4655 4654
4655 4653 4654
64 4656 4658
1158 4657 4656
1160 4658 4657
4658 4656 4657
284 4659 4661
1159 4660 4659
1158 4661 4660
4661 4659 4660
283 4662 4664
1160 4663 4662
1159 4664 4663
4664 4662 4663
1160 4665 4667
1158 4666 4665
1159 4667 4666
4667 4665 4666
284 4668 4670
1161 4669 4668
1163 4670 4669
4670 4668 4669
282 4671 4673
1162 4672 4671
1161 4673 4672
4673 4671 4672
283 4674 4676
1163 4675 4674
1162 4676 4675
4676 4674 4675
1163 4677 4679
1161 4678 4677
1162 4679 4678
4679 4677 4678
65 4680 4682
1164 4681 4680
1166 4682 4681
4682 4680 4681
285 4683 4685
1165 4684 4683
1164 4685 4684
4685 4683 4684
287 4686 4688
1166 4687 4686
1165 4688 4687
4688 4686 4687
1166 4689 4691
1164 4690 4689
1165 4691 4690
4691 4689 4690
63 4692 4694
1167 4693 4692
1169 4694 4693
4694 4692 4693
286 4695 4697
1168 4696 4695
1167 4697 4696
4697 4695 4696
285 4698 4700
1169 4699 4698
1168 4700 4699
4700 4698 4699
1169 4701 4703
1167 4702 4701
1168 4703 4702
4703 4701 4702
64 4704 4706
1170 4705 4704
1172 4706 4705
4706 4704 4705
287 4707 4709
1171 4708 4707
1170 4709 4708
4709 4707 4708
286 4710 4712
1172 4711 4710
1171 4712 4711
4712 4710 4711
1172 4713 4715
1170 4714 4713
1171 4715 4714
4715 4713 4714
287 4716 4718
1173 4717 4716
1175 4718 4717
4718 4716 4717
285 4719 4721
1174 4720 4719
1173 4721 4720
4721 4719 4720
286 4722 4724
1175 4723 4722
1174 4724 4723
4724 4722 4723
1175 4725 4727
1173 4726 4725
1174 4727 4726
4727 4725 4726
11 4728 4730
1176 4729 4728
1178 4730 4729
4730 4728 4729
288 4731 4733
1177 4732 4731
1176 4733 4732
4733 4731 4732
290 4734 4736
1178 4735 4734
1177 4736 4735
4736 4734 4735
1178 4737 4739
1176 4738 4737
1177 4739 4738
4739 4737 4738
66 4740 4742
1179 4741 4740
1181 4742 4741
4742 4740 4741
289 4743 4745
1180 4744 4743
1179 4745 4744
4745 4743 4744
288 4746 4748
1181 4747 4746
1180 4748 4747
4748 4746 4747
1181 4749 4751
1179 4750 4749
1180 4751 4750
4751 4749 4750
68 4752 4754
1182 4753 4752
1184 4754 4753
4754 4752 4753
290 4755 4757
1183 4756 4755
1182 4757 4756
4757 4755 4756
289 4758 4760
1184 4759 4758
1183 4760 4759
4760 4758 4759
1184 4761 4763
1182 4762 4761
1183 4763 4762
4763 4761 4762
290 4764 4766
1185 4765 4764
1187 4766 4765
4766 4764 4765
288 4767 4769
1186 4768 4767
1185 4769 4768
4769 4767 4768
289 4770 4772
1187 4771 4770
1186 4772 4771
4772 4770 4771
1187 4773 4775
1185 4774 4773
1186 4775 4774
4775 4773 4774
10 4776 4778
1188 4777 4776
1190 4778 4777
4778 4776 4777
291 4779 4781
1189 4780 4779
1188 4781 4780
4781 4779 4780
293 4782 4784
1190 4783 4782
1189 4784 4783
4784 4782 4783
1190 4785 4787
1188 4786 4785
1189 4787 4786
4787 4785 4786
67 4788 4790
1191 4789 4788
1193 4790 4789
4790 4788 4789
292 4791 4793
1192 4792 4791
1191 4793 4792
4793 4791 4792
291 4794 4796
1193 4795 4794
1192 4796 4795
4796 4794 4795
1193 4797 4799
1191 4798 4797
1192 4799 4798
4799 4797 4798
66 4800 4802
1194 4801 4800
1196 4802 4801
4802 4800 4801
293 4803 4805
1195 4804 4803
1194 4805 4804
4805 4803 4804
292 4806 4808
1196 4807 4806
1195 4808 4807
4808 4806 4807
1196 4809 4811
1194 4810 4809
1195 4811 4810
4811 4809 4810
293 4812 4814
1197 4813 4812
1199 4814 4813
4814 4812 4813
291 4815 4817
1198 4816 4815
1197 4817 4816
4817 4815 4816
292 4818 4820
1199 4819 4818
1198 4820 4819
4820 4818 4819
1199 4821 4823
1197 4822 4821
1198 4823 4822
4823 4821 4822
9 4824 4826
1200 4825 4824
1202 4826 4825
4826 4824 4825
294 4827 4829
1201 4828 4827
1200 4829 4828
4829 4827 4828
296 4830 4832
1202 4831 4830
1201 4832 4831
4832 4830 4831
1202 4833 4835
1200 4834 4833
1201 4835 4834
4835 4833 4834
68 4836 4838
1203 4837 4836
1205 4838 4837
4838 4836 4837
295 4839 4841
1204 4840 4839
1203 4841 4840
4841 4839 4840
294 4842 4844
1205 4843 4842
1204 4844 4843
4844 4842 4843
1205 4845 4847
1203 4846 4845
1204 4847 4846
4847 4845 4846
67 4848 4850
1206 4849 4848
1208 4850 4849
4850 4848 4849
296 4851 4853
1207 4852 4851
1206 4853 4852
4853 4851 4852
295 4854 4856
1208 4855 4854
1207 4856 4855
4856 4854 4855
1208 4857 4859
1206 4858 4857
1207 4859 4858
4859 4857 4858
296 4860 4862
1209 4861 4860
1211 4862 4861
4862 4860 4861
294 4863 4865
1210 4864 4863
1209 4865 4864
4865 4863 4864
295 4866 4868
1211 4867 4866
1210 4868 4867
4868 4866 4867
1211 4869 4871
1209 4870 4869
1210 4871 4870
4871 4869 4870
68 4872 4874
1212 4873 4872
1214 4874 4873
4874 4872 4873
297 4875 4877
1213 4876 4875
1212 4877 4876
4877 4875 4876
299 4878 4880
1214 4879 4878
1213 4880 4879
4880 4878 4879
1214 4881 4883
1212 4882 4881
1213 4883 4882
4883 4881 4882
66 4884 4886
1215 4885 4884
1217 4886 4885
4886 4884 4885
298 4887 4889
1216 4888 4887
1215 4889 4888
4889 4887 4888
297 4890 4892
1217 4891 4890
1216 4892 4891
4892 4890 4891
1217 4893 4895
1215 4894 4893
1216 4895 4894
4895 4893 4894
67 4896 4898
1218 4897 4896
1220 4898 4897
4898 4896 4897
299 4899 4901
1219 4900 4899
1218 4901 4900
4901 4899 4900
298 4902 4904
1220 4903 4902
1219 4904 4903
4904 4902 4903
1220 4905 4907
1218 4906 4905
1219 4907 4906
4907 4905 4906
299 4908 4910
1221 4909 4908
1223 4910 4909
4910 4908 4909
297 4911 4913
1222 4912 4911
1221 4913 4912
4913 4911 4912
298 4914 4916
1223 4915 4914
1222 4916 4915
4916 4914 4915
1223 4917 4919
1221 4918 4917
1222 4919 4918
4919 4917 4918
11 4920 4922
1224 4921 4920
1226 4922 4921
4922 4920 4921
300 4923 4925
1225 4924 4923
1224 4925 4924
4925 4923 4924
302 4926 4928
1226 4927 4926
1225 4928 4927
4928 4926 4927
1226 4929 4931
1224 4930 4929
1225 4931 4930
4931 4929 4930
69 4932 4934
1227 4933 4932
1229 4934 4933
4934 4932 4933
301 4935 4937
1228 4936 4935
1227 4937 4936
4937 4935 4936
300 4938 4940
1229 4939 4938
1228 4940 4939
4940 4938 4939
1229 4941 4943
1227 4942 4941
1228 4943 4942
4943 4941 4942
71 4944 4946
1230 4945 4944
1232 4946 4945
4946 4944 4945
302 4947 4949
1231 4948 4947
1230 4949 4948
4949 4947 4948
301 4950 4952
1232 4951 4950
1231 4952 4951
4952 4950 4951
1232 4953 4955
1230 4954 4953
1231 4955 4954
4955 4953 4954
302 4956 4958
1233 4957 4956
1235 4958 4957
4958 4956 4957
300 4959 4961
1234 4960 4959
1233 4961 4960
4961 4959 4960
301 4962 4964
1235 4963 4962
1234 4964 4963
4964 4962 4963
1235 4965 4967
1233 4966 4965
1234 4967 4966
4967 4965 4966
6 4968 4970
1236 4969 4968
1238 4970 4969
4970 4968 4969
303 4971 4973
1237 4972 4971
1236 4973 4972
4973 4971 4972
305 4974 4976
1238 4975 4974
1237 4976 4975
4976 4974 4975
1238 4977 4979
1236 4978 4977
1237 4979 4978
4979 4977 4978
70 4980 4982
1239 4981 4980
1241 4982 4981
4982 4980 4981
304 4983 4985
1240 4984 4983
1239 4985 4984
4985 4983 4984
303 4986 4988
1241 4987 4986
1240 4988 4987
4988 4986 4987
1241 4989 4991
1239 4990 4989
1240 4991 4990
4991 4989 4990
69 4992 4994
1242 4993 4992
1244 4994 4993
4994 4992 4993
305 4995 4997
1243 4996 4995
1242 4997 4996
4997 4995 4996
304 4998 5000
1244 4999 4998
1243 5000 4999
5000 4998 4999
1244 5001 5003
1242 5002 5001
1243 5003 5002
5003 5001 5002
305 5004 5006
1245 5005 5004
1247 5006 5005
5006 5004 5005
303 5007 5009
1246 5008 5007
1245 5009 5008
5009 5007 5008
304 5010 5012
1247 5011 5010
1246 5012 5011
5012 5010 5011
1247 5013 5015
1245 5014 5013
1246 5015 5014
5015 5013 5014
10 5016 5018
1248 5017 5016
1250 5018 5017
5018 5016 5017
306 5019 5021
1249 5020 5019
1248 5021 5020
5021 5019 5020
308 5022 5024
1250 5023 5022
1249 5024 5023
5024 5022 5023
1250 5025 5027
1248 5026 5025
1249 5027 5026
5027 5025 5026
71 5028 5030
1251 5029 5028
1253 5030 5029
5030 5028 5029
307 5031 5033
1252 5032 5031
1251 5033 5032
5033 5031 5032
306 5034 5036
1253 5035 5034
1252 5036 5035
5036 5034 5035
1253 5037 5039
1251 5038 5037
1252 5039 5038
5039 5037 5038
70 5040 5042
1254 5041 5040
1256 5042 5041
5042 5040 5041
308 5043 5045
1255 5044 5043
1254 5045 5044
5045 5043 5044
307 5046 5048
1256 5047 5046
1255 5048 5047
5048 5046 5047
1256 5049 5051
1254 5050 5049
1255 5051 5050
5051 5049 5050
308 5052 5054
1257 5053 5052
1259 5054 5053
5054 5052 5053
306 5055 5057
1258 5056 5055
1257 5057 5056
5057 5055 5056
307 5058 5060
1259 5059 5058
1258 5060 5059
5060 5058 5059
1259 5061 5063
1257 5062 5061
1258 5063 5062
5063 5061 5062
71 5064 5066
1260 5065 5064
1262 5066 5065
5066 5064 5065
309 5067 5069
1261 5068 5067
1260 5069 5068
5069 5067 5068
311 5070 5072
1262 5071 5070
1261 5072 5071
5072 5070 5071
1262 5073 5075
1260 5074 5073
1261 5075 5074
5075 5073 5074
69 5076 5078
1263 5077 5076
1265 5078 5077
5078 5076 5077
310 5079 5081
1264 5080 5079
1263 5081 5080
5081 5079 5080
309 5082 5084
1265 5083 5082
1264 5084 5083
5084 5082 5083
1265 5085 5087
1263 5086 5085
1264 5087 5086
5087 5085 5086
70 5088 5090
1266 5089 5088
1268 5090 5089
5090 5088 5089
311 5091 5093
1267 5092 5091
1266 5093 5092
5093 5091 5092
310 5094 5096
1268 5095 5094
1267 5096 5095
5096 5094 5095
1268 5097 5099
1266 5098 5097
1267 5099 5098
5099 5097 5098
311 5100 5102
1269 5101 5100
1271 5102 5101
5102 5100 5101
309 5103 5105
1270 5104 5103
1269 5105 5104
5105 5103 5104
310 5106 5108
1271 5107 5106
1270 5108 5107
5108 5106 5107
1271 5109 5111
1269 5110 5109
1270 5111 5110
5111 5109 5110
